 Iterations            1  time    4.9776913937626139E-003
   9.6282138246612107E-014   3.5355236690001863E-011   0.0000000000000000        0.0000000000000000     
 
 Iterations            1  time    9.9553827875252347E-003
   3.4075072690941045E-009   1.8774198621912942E-006   7.5908433616613302E-007   0.0000000000000000     
 
 Iterations            1  time    1.4933074220293987E-002
   2.6472446987969789E-007   1.4585739521577094E-004   3.2704555456777740E-006   0.0000000000000000     
 
 Iterations            1  time    1.9910765821099626E-002
   1.1450497458686270E-006   6.3094267520926188E-004   4.4449813475717582E-006   0.0000000000000000     
 
 Iterations            1  time    2.4888457395399015E-002
   2.8735528540034607E-006   1.5835919071261592E-003   2.7426316700148520E-006   0.0000000000000000     
 
 Iterations            1  time    2.9866148379809530E-002
   5.6084333459949974E-006   3.0913766157436191E-003   2.6749093644368696E-006   0.0000000000000000     
 
 Iterations            1  time    3.4843837980357159E-002
   9.4801121876574817E-006   5.2268125646692124E-003   1.3431296190251313E-005   0.0000000000000000     
 
 Iterations            1  time    3.9821524988098343E-002
   1.4600636549960817E-005   8.0525679653967175E-003   3.1323573800828234E-005   0.0000000000000000     
 
 Iterations            1  time    4.4799212012582294E-002
   2.1069836011458382E-005   1.1624879230919857E-002   7.9118404511283387E-006   0.0000000000000000     
 
 Iterations            1  time    4.9776897704965475E-002
   2.8971656728900703E-005   1.5991545595428053E-002   1.4684017390248345E-005   0.0000000000000000     
 
 Iterations            1  time    5.4754579858920252E-002
   3.8383652072156513E-005   2.1197174821727529E-002   2.0371317338965556E-005   0.0000000000000000     
 
 Iterations            1  time    5.9732261861751408E-002
   4.9377017152163009E-005   2.7283214052926580E-002   2.2208043668220168E-005   0.0000000000000000     
 
 Iterations            1  time    6.4709940765292517E-002
   6.2001468624672181E-005   3.4279599400515087E-002   1.2726269937772979E-005   0.0000000000000000     
 
 Iterations            1  time    6.9687618151619946E-002
   7.6315945533067373E-005   4.2221711732432908E-002   2.8459114891809533E-005   0.0000000000000000     
 
 Iterations            1  time    7.4665292078418780E-002
   9.2355168836958756E-005   5.1131894022210148E-002   1.9034043959625583E-005   0.0000000000000000     
 
 Iterations            1  time    7.9642964315079418E-002
   1.1016169213734641E-004   6.1037161171132753E-002   4.6153952862911279E-005   0.0000000000000000     
 
 Iterations            1  time    8.4620631881055328E-002
   1.2975309523658427E-004   7.1951031883262767E-002   2.6133205800314790E-005   0.0000000000000000     
 
 Iterations            1  time    8.9598297850248365E-002
   1.5116295635379215E-004   8.3896198797638655E-002   6.6661121553784390E-005   0.0000000000000000     
 
 Iterations            1  time    9.4575960418111837E-002
   1.7438952178216362E-004   9.6876066210664288E-002   7.4888612235793453E-005   0.0000000000000000     
 
 Iterations            1  time    9.9553617765515745E-002
   1.9944763634214673E-004  0.11090350386705887        5.0948336646798546E-005   0.0000000000000000     
 
 Iterations            1  time   0.10453127274775892     
   2.2634250982484812E-004  0.12598628824304536        9.4724617883693588E-005   0.0000000000000000     
 
 Iterations            1  time   0.10950892423580293     
   2.5505329261534372E-004  0.14211793347466303        1.1601101384494766E-004   0.0000000000000000     
 
 Iterations            1  time   0.11448657117127482     
   2.8557494432992207E-004  0.15930090444338885        1.1011575603633156E-004   0.0000000000000000     
 
 Iterations            1  time   0.11946421281117421     
   3.1788880677615825E-004  0.17753024922668589        1.0554728483927642E-004   0.0000000000000000     
 
 Iterations            1  time   0.12444184933160027     
   3.5196800364143159E-004  0.19679653806290337        1.2127559730975226E-004   0.0000000000000000     
 
 Iterations            1  time   0.12941948189695213     
   3.8778065934481622E-004  0.21708763131695111        1.6048042946938332E-004   0.0000000000000000     
 
 Iterations            1  time   0.13439710991135598     
   4.2528192790221092E-004  0.23838414880504288        1.7932616323031788E-004   0.0000000000000000     
 
 Iterations            1  time   0.13937473298494685     
   4.6443476683661662E-004  0.26067105987953482        1.8661020333682625E-004   0.0000000000000000     
 
 Iterations            1  time   0.14435235076069483     
   5.0518769034826991E-004  0.28392518260251215        1.9520993922192398E-004   0.0000000000000000     
 
 Iterations            1  time   0.14932996299259849     
   5.4748528284121573E-004  0.30812103018930448        2.0825643478952031E-004   0.0000000000000000     
 
 Iterations            1  time   0.15430756943594817     
   5.9126532819120555E-004  0.33322912688404838        2.2295813587852570E-004   0.0000000000000000     
 
 Iterations            1  time   0.15928516986528912     
   6.3646157659688640E-004  0.35921752332264673        2.3776322504469191E-004   0.0000000000000000     
 
 Iterations            1  time   0.16426276407598131     
   6.8300168117382549E-004  0.38605057053472586        2.5264701629073785E-004   0.0000000000000000     
 
 Iterations            1  time   0.16924035179106992     
   7.3080835534789152E-004  0.41368953001139835        2.6644814269545942E-004   0.0000000000000000     
 
 Iterations            1  time   0.17421793266089822     
   7.7980059774133980E-004  0.44209321846684718        2.7854824962026981E-004   0.0000000000000000     
 
 Iterations            1  time   0.17919550636598375     
   8.2989078172759597E-004  0.47121627472955280        2.9044868926801409E-004   0.0000000000000000     
 
 Iterations            1  time   0.18417307240876168     
   8.8098897264172972E-004  0.50101161935940663        2.9987450719636601E-004   0.0000000000000000     
 
 Iterations            1  time   0.18915063173621011     
   9.3300311870455580E-004  0.53143042525840534        3.2917072687899286E-004   0.0000000000000000     
 
 Iterations            1  time   0.19412818488896905     
   9.8582611746777984E-004  0.56241481449109765        3.6251511101488727E-004   0.0000000000000000     
 
 Iterations            1  time   0.19910573149806676     
   1.0393540087301322E-003  0.59390806675912977        3.7865407245932334E-004   0.0000000000000000     
 
 Iterations            1  time   0.20408327105991997     
   1.0934861431055401E-003  0.62585474656096207        3.8382354190843814E-004   0.0000000000000000     
 
 Iterations            1  time   0.20906080304427063     
   1.1481108155299187E-003  0.65819241546255969        3.8746150407370560E-004   0.0000000000000000     
 
 Iterations            1  time   0.21403832667054348     
   1.2031157050745513E-003  0.69085766072639199        3.8851874105843822E-004   0.0000000000000000     
 
 Iterations            1  time   0.21901584127058488     
   1.2583843319388236E-003  0.72378387041341663        3.8959355360559754E-004   0.0000000000000000     
 
 Iterations            1  time   0.22399334978644458     
   1.3138141425119087E-003  0.75691176517605152        4.4324969942642812E-004   0.0000000000000000     
 
 Iterations            1  time   0.22897085168597581     
   1.3692457388006897E-003  0.79014852598549201        4.7227744088203163E-004   0.0000000000000000     
 
 Iterations            1  time   0.23394834617939070     
   1.4245843775192704E-003  0.82343779064332678        4.6986002462867936E-004   0.0000000000000000     
 
 Iterations            1  time   0.23892583250783142     
   1.4797110808398121E-003  0.85670843076085090        4.6057719161493436E-004   0.0000000000000000     
 
 Iterations            1  time   0.24390330993500547     
   1.5344988911999424E-003  0.88988388737123125        4.5450436108846853E-004   0.0000000000000000     
 
 Iterations            1  time   0.24888077982112189     
   1.5888341499465401E-003  0.92289456470622611        4.8020621579079658E-004   0.0000000000000000     
 
 Iterations            1  time   0.25385824370278548     
   1.6425781653521346E-003  0.95565546479170571        5.2311976268540556E-004   0.0000000000000000     
 
 Iterations            1  time   0.25883570087567154     
   1.6955995619866177E-003  0.98808504376407114        5.3331436618780611E-004   0.0000000000000000     
 
 Iterations            1  time   0.26381315062672261     
   1.7477997474250023E-003   1.0201200893993170        5.2195257128443242E-004   0.0000000000000000     
 
 Iterations            1  time   0.26879059240360487     
   1.7990602007459193E-003   1.0516850105164270        5.1054477451396591E-004   0.0000000000000000     
 
 Iterations            1  time   0.27376802566415626     
   1.8492621133915695E-003   1.0827033935103647        5.0283013341832685E-004   0.0000000000000000     
 
 Iterations            1  time   0.27874545275970958     
   1.8983083885967280E-003   1.1131108778851535        5.3622598993187983E-004   0.0000000000000000     
 
 Iterations            1  time   0.28372287453466816     
   1.9460587514158292E-003   1.1428170956688597        5.6863467369618482E-004   0.0000000000000000     
 
 Iterations            1  time   0.28870029062280927     
   1.9924201985258984E-003   1.1717588939590031        5.7055441270411646E-004   0.0000000000000000     
 
 Iterations            1  time   0.29367770083998396     
   2.0373103627115683E-003   1.1998788652439141        5.5982098108548091E-004   0.0000000000000000     
 
 Iterations            1  time   0.29865510511348403     
   2.0806362539367382E-003   1.2271129653527864        5.5123358940582844E-004   0.0000000000000000     
 
 Iterations            1  time   0.30363250338348086     
   2.1223113249500278E-003   1.2534006393850001        5.4527258801160053E-004   0.0000000000000000     
 
 Iterations            1  time   0.30860989582059040     
   2.1622590713584145E-003   1.2786869291720233        5.4201591778843322E-004   0.0000000000000000     
 
 Iterations            1  time   0.31358728273725850     
   2.2004107476450725E-003   1.3029213186286883        5.4063783953030688E-004   0.0000000000000000     
 
 Iterations            1  time   0.31856466448128512     
   2.2367079830389702E-003   1.3260594109833066        5.3904498334714787E-004   0.0000000000000000     
 
 Iterations            1  time   0.32354204157394539     
   2.2711021351894322E-003   1.3480625491972371        5.3822161291462148E-004   0.0000000000000000     
 
 Iterations            1  time   0.32851941459812467     
   2.3035527168241334E-003   1.3688970528045337        5.3781565346475960E-004   0.0000000000000000     
 
 Iterations            1  time   0.33349678419412754     
   2.3340305829684807E-003   1.3885362216959698        5.3718417688926334E-004   0.0000000000000000     
 
 Iterations            1  time   0.33847415100569778     
   2.3625183988516879E-003   1.4069607768804793        5.3546348511541357E-004   0.0000000000000000     
 
 Iterations            1  time   0.34345151561218529     
   2.3890080808438270E-003   1.4241573077659093        5.3142929756311991E-004   0.0000000000000000     
 
 Iterations            1  time   0.34842887863310057     
   2.4135040690483659E-003   1.4401204222476609        5.2606507501269553E-004   0.0000000000000000     
 
 Iterations            1  time   0.35340624048938829     
   2.4360199843679060E-003   1.4548508534614890        5.1714539817252555E-004   0.0000000000000000     
 
 Iterations            1  time   0.35838360130102503     
   2.4565824379224072E-003   1.4683578403098483        5.0167361843027347E-004   0.0000000000000000     
 
 Iterations            1  time   0.36336096097006554     
   2.4752290560602821E-003   1.4806579358644418        4.7982929248209418E-004   0.0000000000000000     
 
 Iterations            1  time   0.36833831895397079     
   2.4920059942580980E-003   1.4917736759543316        4.4960166993394349E-004   0.0000000000000000     
 
 Iterations            1  time   0.37331567416346739     
   2.5069712975285072E-003   1.5017356767477816        4.0830183054945112E-004   0.0000000000000000     
 
 Iterations            1  time   0.37829303050031926     
   2.5202269591627965E-003   1.5106020340330713        4.2811863368925548E-004   0.0000000000000000     
 
 Iterations            1  time   0.38327038937861285     
   2.5317831152982138E-003   1.5183760630497771        4.5542296150091809E-004   0.0000000000000000     
 
 Iterations            1  time   0.38824774879427321     
   2.5417251793513518E-003   1.5251077690372410        4.2091664225650158E-004   0.0000000000000000     
 
 Iterations            1  time   0.39322510569543007     
   2.5501779860504950E-003   1.5308719403822233        3.3585109044632715E-004   0.0000000000000000     
 
 Iterations            1  time   0.39820246685997318     
   2.5573084253569427E-003   1.5357700008434292        3.6774198722209524E-004   0.0000000000000000     
 
 Iterations            1  time   0.40317983047123207     
   2.5630598597837333E-003   1.5397679015370085        3.7459049564784845E-004   0.0000000000000000     
 
 Iterations            1  time   0.40815719103076487     
   2.5675895007221711E-003   1.5429632135882172        2.7493943027137688E-004   0.0000000000000000     
 
 Iterations            1  time   0.41313455864146481     
   2.5711503573672386E-003   1.5455124292690707        3.2671861925993585E-004   0.0000000000000000     
 
 Iterations            1  time   0.41811192629090732     
   2.5735929506400476E-003   1.5473265824917943        2.8878688494473839E-004   0.0000000000000000     
 
 Iterations            1  time   0.42308929799923456     
   2.5752323851148924E-003   1.5486023052350377        2.7429328061466562E-004   0.0000000000000000     
 
 Iterations            1  time   0.42806667099014023     
   2.5760562907881676E-003   1.5493351249189882        2.3329014195094290E-004   0.0000000000000000     
 
 Iterations            1  time   0.43304404800750634     
   2.5762408875790576E-003   1.5496373959721210        2.2771885940430471E-004   0.0000000000000000     
 
 Iterations            1  time   0.43802142485206857     
   2.5758001910168261E-003   1.5495216886946892        1.7102634694334291E-004   0.0000000000000000     
 
 Iterations            1  time   0.44299880768653771     
   2.5749385889574658E-003   1.5491179582265648        1.9702754081982922E-004   0.0000000000000000     
 
 Iterations            1  time   0.44797618960262081     
   2.5735846125746961E-003   1.5483862980681504        1.3516389224222994E-004   0.0000000000000000     
 
 Iterations            1  time   0.45295357614128456     
   2.5719834197608774E-003   1.5474818625449147        1.3726610050250233E-004   0.0000000000000000     
 
 Iterations            1  time   0.45793096647519510     
   2.5700829200280286E-003   1.5463761143861845        1.4312595735143491E-004   0.0000000000000000     
 
 Iterations            1  time   0.46290835629124166     
   2.5679574805051180E-003   1.5451187175442334        7.5819377920388221E-005   0.0000000000000000     
 
 Iterations            1  time   0.46788574751377937     
   2.5657332254190347E-003   1.5437903597786016        4.3807908947311524E-005   0.0000000000000000     
 
 Iterations            1  time   0.47286314356584930     
   2.5634128163666220E-003   1.5423952957030500        8.2021532466727631E-005   0.0000000000000000     
 
 Iterations            1  time   0.47784054197569603     
   2.5609763496755771E-003   1.5409237077614393        7.6385137618223818E-005   0.0000000000000000     
 
 Iterations            1  time   0.48281794098128905     
   2.5585030078986788E-003   1.5394262540257322        2.7900536854432963E-005   0.0000000000000000     
 
 Iterations            1  time   0.48779533975268713     
   2.5560231946482538E-003   1.5379228702849204        1.5639975212507293E-005   0.0000000000000000     
 
 Iterations            1  time   0.49277273778291009     
   2.5535379892785417E-003   1.5364151736585632        3.8959005008704983E-005   0.0000000000000000     
 
 Iterations            1  time   0.49775013514863081     
   2.5510501624944975E-003   1.5349055042421962        4.4174904932620592E-005   0.0000000000000000     
 
 Iterations            1  time   0.50272753212547561     
   2.5485603337149854E-003   1.5333945855934257        3.9860831409203902E-005   0.0000000000000000     
 
 Iterations            1  time   0.50770492913725551     
   2.5460698071853175E-003   1.5318834003114621        3.1553901754166592E-005   0.0000000000000000     
 
 Iterations            1  time   0.51268232621502186     
   2.5435779727998632E-003   1.5303716965432128        2.1821723345267940E-005   0.0000000000000000     
 
 Iterations            1  time   0.51765972368298707     
   2.5410833580470217E-003   1.5288587577234649        1.3710822618178798E-005   0.0000000000000000     
 
 Iterations            1  time   0.52263712195699130     
   2.5385864348129550E-003   1.5273452665321916        8.4784043531720587E-006   0.0000000000000000     
 
 Iterations            1  time   0.52761452101014217     
   2.5360881328598574E-003   1.5258325061940594        1.0208776274774341E-005   0.0000000000000000     
 
 Iterations            1  time   0.53259191929832506     
   2.5335944931632287E-003   1.5243253606786196        1.9730715744080872E-005   0.0000000000000000     
 
 Iterations            1  time   0.53756931508296957     
   2.5311144140411578E-003   1.5228309953361605        4.0892411596688116E-005   0.0000000000000000     
 
 Iterations            1  time   0.54254670579403108     
   2.5286632364955384E-003   1.5213611825923139        7.6878230157629424E-005   0.0000000000000000     
 
 Iterations            1  time   0.54752409593819373     
   2.5262935571843154E-003   1.5199513650083887        3.1437923096209399E-005   0.0000000000000000     
 
 Iterations            1  time   0.55250148624497741     
   2.5239772422267601E-003   1.5185878315563681        3.2573411467510937E-005   0.0000000000000000     
 
 Iterations            1  time   0.55747887229702076     
   2.5217400178977451E-003   1.5172910139851117        1.2732023635067420E-005   0.0000000000000000     
 
 Iterations            1  time   0.56245625472898564     
   2.5196778924872648E-003   1.5161252818967348        4.7922974014893073E-006   0.0000000000000000     
 
 Iterations            1  time   0.56743363748489195     
   2.5178270341925440E-003   1.5151185802317566        5.5521192640487112E-005   0.0000000000000000     
 
 Iterations            1  time   0.57241101339939204     
   2.5161692484793573E-003   1.5142660147644036        2.7630542359363185E-005   0.0000000000000000     
 
 Iterations            1  time   0.57738839061253311     
   2.5148622256017201E-003   1.5136716465848428        9.3853694003117572E-005   0.0000000000000000     
 
 Iterations            1  time   0.58236576278041163     
   2.5138600708146182E-003   1.5133139375645028        9.5458034289205976E-005   0.0000000000000000     
 
 Iterations            1  time   0.58734313476455424     
   2.5133028865395820E-003   1.5132863786156387        1.3798193203131231E-004   0.0000000000000000     
 
 Iterations            1  time   0.59232050138488090     
   2.5131927983176559E-003   1.5135970262212834        1.2622691821275315E-004   0.0000000000000000     
 
 Iterations            1  time   0.59729786909031590     
   2.5136512454565193E-003   1.5143270616895419        1.9210125091840736E-004   0.0000000000000000     
 
 Iterations            1  time   0.60227523087410517     
   2.5146640643368052E-003   1.5154736480430884        1.7792150713819330E-004   0.0000000000000000     
 
 Iterations            1  time   0.60725259402290144     
   2.5163626239956671E-003   1.5171223577924489        2.4252604287818271E-004   0.0000000000000000     
 
 Iterations            1  time   0.61222995582201101     
   2.5187360419997589E-003   1.5192704968980566        2.8412882991495525E-004   0.0000000000000000     
 
 Iterations            1  time   0.61720731215226621     
   2.5218415620561485E-003   1.5219556863813741        2.4773451639933263E-004   0.0000000000000000     
 
 Iterations            1  time   0.62218467104828168     
   2.5257606496781769E-003   1.5252286742175667        3.2577107794630797E-004   0.0000000000000000     
 
 Iterations            1  time   0.62716203025222161     
   2.5304601381321229E-003   1.5290689497538881        3.8712950991146624E-004   0.0000000000000000     
 
 Iterations            1  time   0.63213938765173272     
   2.5359705565803467E-003   1.5334926392098540        3.8229969942368727E-004   0.0000000000000000     
 
 Iterations            1  time   0.63711674200712620     
   2.5423126142996326E-003   1.5385082356018998        3.6055889456216737E-004   0.0000000000000000     
 
 Iterations            1  time   0.64209409922978733     
   2.5494861328638845E-003   1.5441094741329799        4.3930682546471501E-004   0.0000000000000000     
 
 Iterations            1  time   0.64707145872620142     
   2.5574429680171617E-003   1.5502598622231005        5.0990010609429902E-004   0.0000000000000000     
 
 Iterations            1  time   0.65204881983141694     
   2.5661550935434070E-003   1.5569326752713772        5.3019639098881341E-004   0.0000000000000000     
 
 Iterations            1  time   0.65702618233542676     
   2.5755863385521359E-003   1.5640950302457313        5.3305658563985005E-004   0.0000000000000000     
 
 Iterations            1  time   0.66200354639926529     
   2.5856785747704093E-003   1.5716994709666772        5.4546821859110183E-004   0.0000000000000000     
 
 Iterations            1  time   0.66698091232906598     
   2.5963595231255983E-003   1.5796889063241997        5.6910171204788596E-004   0.0000000000000000     
 
 Iterations            1  time   0.67195828060776130     
   2.6075477299702370E-003   1.5879998524151211        5.9779394773770678E-004   0.0000000000000000     
 
 Iterations            1  time   0.67693565182526427     
   2.6191541105620446E-003   1.5965636784620902        6.2708115058260263E-004   0.0000000000000000     
 
 Iterations            1  time   0.68191302650383956     
   2.6310809561412973E-003   1.6053062356903816        6.5367836235477790E-004   0.0000000000000000     
 
 Iterations            1  time   0.68689040529978951     
   2.6432241630988400E-003   1.6141494755009005        6.7918593751159007E-004   0.0000000000000000     
 
 Iterations            1  time   0.69186778862771758     
   2.6554746341715917E-003   1.6230126037075616        7.0097193289398797E-004   0.0000000000000000     
 
 Iterations            1  time   0.69684517701477189     
   2.6677206794190715E-003   1.6318136923276017        7.2090792884358930E-004   0.0000000000000000     
 
 Iterations            1  time   0.70182257071078114     
   2.6798491699317247E-003   1.6404706549968937        7.3652455010246099E-004   0.0000000000000000     
 
 Iterations            1  time   0.70679997000915051     
   2.6917475133301557E-003   1.6489025403574793        7.4922772387070122E-004   0.0000000000000000     
 
 Iterations            1  time   0.71177737498859395     
   2.7033052228005419E-003   1.6570307050845949        7.5786176092276769E-004   0.0000000000000000     
 
 Iterations            1  time   0.71675478564910400     
   2.7144151609086063E-003   1.6647796280810183        7.6255666976301584E-004   0.0000000000000000     
 
 Iterations            1  time   0.72173220178550623     
   2.7249766325973296E-003   1.6720789268716205        7.6241376221113143E-004   0.0000000000000000     
 
 Iterations            1  time   0.72670962321197585     
   2.7348945306608350E-003   1.6788628632186871        7.5961468314190126E-004   0.0000000000000000     
 
 Iterations            1  time   0.73168704988472399     
   2.7440823232760632E-003   1.6850722404838987        7.5770384284529614E-004   0.0000000000000000     
 
 Iterations            1  time   0.73666448504205129     
   2.7524550457236141E-003   1.6906500358801568        8.0027844418821689E-004   0.0000000000000000     
 
 Iterations            1  time   0.74164192820243324     
   2.7599669399078165E-003   1.6955649136557827        8.2059151090445271E-004   0.0000000000000000     
 
 Iterations            1  time   0.74661937878142537     
   2.7665446848866852E-003   1.6997694378081956        8.0602484932223160E-004   0.0000000000000000     
 
 Iterations            1  time   0.75159683623005347     
   2.7721423510920951E-003   1.7032344987177883        7.8096000478010321E-004   0.0000000000000000     
 
 Iterations            1  time   0.75657429994145819     
   2.7767293349029642E-003   1.7059416435646453        7.5842793488702239E-004   0.0000000000000000     
 
 Iterations            1  time   0.76155176990324192     
   2.7802836872617850E-003   1.7078789421325438        7.4690021912273915E-004   0.0000000000000000     
 
 Iterations            1  time   0.76652924903355979     
   2.7827891505832251E-003   1.7090391716849642        7.8102060460000222E-004   0.0000000000000000     
 
 Iterations            1  time   0.77150673656305901     
   2.7842770556768194E-003   1.7094453735651642        7.8809641996261119E-004   0.0000000000000000     
 
 Iterations            1  time   0.77648423171844161     
   2.7847364706484481E-003   1.7090958779905812        7.6018748692636235E-004   0.0000000000000000     
 
 Iterations            1  time   0.78146173370207250     
   2.7841931504683087E-003   1.7080125675706008        7.2324866335531156E-004   0.0000000000000000     
 
 Iterations            1  time   0.78643924181860747     
   2.7826854609794755E-003   1.7062261005919686        6.9188338992459079E-004   0.0000000000000000     
 
 Iterations            1  time   0.79141675824917690     
   2.7802503554215951E-003   1.7037672875840251        7.0565269334131055E-004   0.0000000000000000     
 
 Iterations            1  time   0.79639428328404072     
   2.7769707485017100E-003   1.7006957102141440        7.1735872615381836E-004   0.0000000000000000     
 
 Iterations            1  time   0.80137181615480868     
   2.7728963247894674E-003   1.6970517644930336        6.9546669022769124E-004   0.0000000000000000     
 
 Iterations            1  time   0.80634935623094017     
   2.7680872561377272E-003   1.6928829363467970        6.5886023016503714E-004   0.0000000000000000     
 
 Iterations            1  time   0.81132690295396770     
   2.7626214935288808E-003   1.6882482307744588        6.2553592794821228E-004   0.0000000000000000     
 
 Iterations            1  time   0.81630445591805612     
   2.7565822132638316E-003   1.6832103220009094        5.9924396872536193E-004   0.0000000000000000     
 
 Iterations            1  time   0.82128201561242842     
   2.7500500495787894E-003   1.6778308009074692        5.8825874084094732E-004   0.0000000000000000     
 
 Iterations            1  time   0.82625958313805548     
   2.7431125095498691E-003   1.6721756890762935        5.9264533092794080E-004   0.0000000000000000     
 
 Iterations            1  time   0.83123715805414555     
   2.7358660644627342E-003   1.6663164385677738        5.7763788382377717E-004   0.0000000000000000     
 
 Iterations            1  time   0.83621473994228135     
   2.7283794357897116E-003   1.6603078419214370        5.4700796126962018E-004   0.0000000000000000     
 
 Iterations            1  time   0.84119232844750547     
   2.7207352527484721E-003   1.6542127279112258        5.1604433617427256E-004   0.0000000000000000     
 
 Iterations            1  time   0.84616992335125563     
   2.7130145000358865E-003   1.6480925270718290        4.9085899471878992E-004   0.0000000000000000     
 
 Iterations            1  time   0.85114752442432462     
   2.7052937218676625E-003   1.6420053266557653        4.6821529627117531E-004   0.0000000000000000     
 
 Iterations            1  time   0.85612513144293889     
   2.6976405664586667E-003   1.6360030619160923        4.4524172853587695E-004   0.0000000000000000     
 
 Iterations            1  time   0.86110274425075217     
   2.6901158973190445E-003   1.6301325701032652        4.2257028362149320E-004   0.0000000000000000     
 
 Iterations            1  time   0.86608036262401955     
   2.6827752431568754E-003   1.6244362985495258        3.9924654255527639E-004   0.0000000000000000     
 
 Iterations            1  time   0.87105798633527831     
   2.6756644452679622E-003   1.6189496144288966        3.7545318641039633E-004   0.0000000000000000     
 
 Iterations            1  time   0.87603561507302796     
   2.6688229312895515E-003   1.6137025629468031        3.5052924935539091E-004   0.0000000000000000     
 
 Iterations            1  time   0.88101324852602014     
   2.6622804990638440E-003   1.6087179410358419        3.2533359439292390E-004   0.0000000000000000     
 
 Iterations            1  time   0.88599088606380738     
   2.6560608817596818E-003   1.6040133714942952        2.9566703527580973E-004   0.0000000000000000     
 
 Iterations            1  time   0.89096852748659927     
   2.6501733385872299E-003   1.5995962615418409        2.7073638739789007E-004   0.0000000000000000     
 
 Iterations            1  time   0.89594617448150971     
   2.6446186747024368E-003   1.5954674318037412        2.7943210971177518E-004   0.0000000000000000     
 
 Iterations            1  time   0.90092382627001555     
   2.6394241942513334E-003   1.5916420687611885        2.6483958882111269E-004   0.0000000000000000     
 
 Iterations            1  time   0.90590148178966490     
   2.6345598499363742E-003   1.5880998115057543        2.2399329583692329E-004   0.0000000000000000     
 
 Iterations            1  time   0.91087913970263912     
   2.6300107508956338E-003   1.5848280612961199        1.7556883500915920E-004   0.0000000000000000     
 
 Iterations            1  time   0.91585680229108590     
   2.6257434796269543E-003   1.5818021954832722        1.8799772420974030E-004   0.0000000000000000     
 
 Iterations            1  time   0.92083446867850394     
   2.6217837773350005E-003   1.5790319458011561        1.8151968489272564E-004   0.0000000000000000     
 
 Iterations            1  time   0.92581213649671334     
   2.6180837254292898E-003   1.5764825752993337        1.2354722161959944E-004   0.0000000000000000     
 
 Iterations            1  time   0.93078980884594298     
   2.6145753953611679E-003   1.5741068507468936        1.3835286173927950E-004   0.0000000000000000     
 
 Iterations            1  time   0.93576748331873538     
   2.6113058529028846E-003   1.5719257805181284        1.1338394348849052E-004   0.0000000000000000     
 
 Iterations            1  time   0.94074516075066228     
   2.6081874859930788E-003   1.5698803279005500        9.8419497287131145E-005   0.0000000000000000     
 
 Iterations            1  time   0.94572284010939534     
   2.6052231365993610E-003   1.5679651514157855        7.4802947025286648E-005   0.0000000000000000     
 
 Iterations            1  time   0.95070052219429935     
   2.6023680052395136E-003   1.5661470952470506        7.1563758805954695E-005   0.0000000000000000     
 
 Iterations            1  time   0.95567820479319820     
   2.5996240311869558E-003   1.5644211120032590        3.3050175253078404E-005   0.0000000000000000     
 
 Iterations            1  time   0.96065589065357082     
   2.5969263093972364E-003   1.5627430990883979        5.3625017841859096E-005   0.0000000000000000     
 
 Iterations            1  time   0.96563357769809555     
   2.5943126728985820E-003   1.5611305092156282        3.3745565615382760E-005   0.0000000000000000     
 
 Iterations            1  time   0.97061126498070116     
   2.5917276611805043E-003   1.5595462852786166        3.8808422555488577E-006   0.0000000000000000     
 
 Iterations            1  time   0.97558895475630247     
   2.5891518382034472E-003   1.5579753339437059        1.8950793257564904E-005   0.0000000000000000     
 
 Iterations            1  time   0.98056664580238817     
   2.5866159577315044E-003   1.5564331543857395        1.4055027335038437E-005   0.0000000000000000     
 
 Iterations            1  time   0.98554433737305380     
   2.5840850731949578E-003   1.5548970055508584        1.1640755055522990E-005   0.0000000000000000     
 
 Iterations            1  time   0.99052202901556141     
   2.5815543651765234E-003   1.5533625494764631        2.9996002238994010E-005   0.0000000000000000     
 
 Iterations            1  time   0.99549972059401570     
   2.5790264501671977E-003   1.5518304675437160        3.5159686372966316E-005   0.0000000000000000     
 
 Iterations            1  time    1.0004774120302633     
   2.5765030166139671E-003   1.5503012965441747        3.5425499551160136E-005   0.0000000000000000     
 
 Iterations            1  time    1.0054551034274553     
   2.5739824374805494E-003   1.5487738965261870        3.3066101859602226E-005   0.0000000000000000     
 
 Iterations            1  time    1.0104327949102332     
   2.5714647535374406E-003   1.5472482649356434        2.9506184429255574E-005   0.0000000000000000     
 
 Iterations            1  time    1.0154104864013056     
   2.5689495729099279E-003   1.5457241502727983        2.6576773964947471E-005   0.0000000000000000     
 
 Iterations            1  time    1.0203881780359210     
   2.5664353919193530E-003   1.5442004937991720        2.5360815282468060E-005   0.0000000000000000     
 
 Iterations            1  time    1.0253658696038577     
   2.5639187406683076E-003   1.5426747761986155        2.6269252369221402E-005   0.0000000000000000     
 
 Iterations            1  time    1.0303435605125504     
   2.5613944628954275E-003   1.5411430494969964        3.2131308162884805E-005   0.0000000000000000     
 
 Iterations            1  time    1.0353212499168571     
   2.5588537054956977E-003   1.5395986283809227        4.3932279522684721E-005   0.0000000000000000     
 
 Iterations            1  time    1.0402989367867537     
   2.5562841825568054E-003   1.5380321500718408        5.9087248079166088E-005   0.0000000000000000     
 
 Iterations            1  time    1.0452766237552980     
   2.5536601845592239E-003   1.5364256214863303        1.2224119858734674E-005   0.0000000000000000     
 
 Iterations            1  time    1.0502543092726140     
   2.5509915350216809E-003   1.5347811412893497        9.0684575913732303E-006   0.0000000000000000     
 
 Iterations            1  time    1.0552319914719892     
   2.5482337804681354E-003   1.5330681053601105        4.4446187535828644E-005   0.0000000000000000     
 
 Iterations            1  time    1.0602096733428610     
   2.5453456302109135E-003   1.5312569888614449        3.7987840728079288E-007   0.0000000000000000     
 
 Iterations            1  time    1.0651873517977501     
   2.5423375594723270E-003   1.5293478905153244        1.5791867829634694E-005   0.0000000000000000     
 
 Iterations            1  time    1.0701650290543940     
   2.5391369516232064E-003   1.5272915014605928        1.1331153858648678E-005   0.0000000000000000     
 
 Iterations            1  time    1.0751427024076630     
   2.5357392933788329E-003   1.5250778166898096        6.9199254825454625E-006   0.0000000000000000     
 
 Iterations            1  time    1.0801203744244319     
   2.5320792885378581E-003   1.5226608215699864        3.1165033990063697E-005   0.0000000000000000     
 
 Iterations            1  time    1.0850980421947096     
   2.5281490914442041E-003   1.5200277836494378        1.4828388594554752E-005   0.0000000000000000     
 
 Iterations            1  time    1.0900757076410434     
   2.5238823218435885E-003   1.5171316087256492        4.1377654084547755E-005   0.0000000000000000     
 
 Iterations            1  time    1.0950533700577809     
   2.5192626754248315E-003   1.5139545176540945        5.8079396702456926E-005   0.0000000000000000     
 
 Iterations            1  time    1.1000310276630825     
   2.5142498017254838E-003   1.5104649025466199        4.0118660525370651E-005   0.0000000000000000     
 
 Iterations            1  time    1.1050086819034897     
   2.5088017758197506E-003   1.5066306631565130        6.7017284854237866E-005   0.0000000000000000     
 
 Iterations            1  time    1.1099863329571809     
   2.5029042482213508E-003   1.5024364634698475        9.9074879515648659E-005   0.0000000000000000     
 
 Iterations            1  time    1.1149639797605393     
   2.4965327025456771E-003   1.4978618117463205        1.0063003768461616E-004   0.0000000000000000     
 
 Iterations            1  time    1.1199416215567433     
   2.4896655664696861E-003   1.4928889657493440        9.6014245777707478E-005   0.0000000000000000     
 
 Iterations            1  time    1.1249192577872011     
   2.4822959269493600E-003   1.4875099603782356        1.0001091433652324E-004   0.0000000000000000     
 
 Iterations            1  time    1.1298968893488606     
   2.4744231605974415E-003   1.4817218730542761        1.3220771773375355E-004   0.0000000000000000     
 
 Iterations            1  time    1.1348745164963916     
   2.4660588917226152E-003   1.4755304700042080        1.6328358450589007E-004   0.0000000000000000     
 
 Iterations            1  time    1.1398521387878737     
   2.4572194220986894E-003   1.4689459099548430        1.7582848717677564E-004   0.0000000000000000     
 
 Iterations            1  time    1.1448297558206326     
   2.4479311528708770E-003   1.4619860651785488        1.8280140444228390E-004   0.0000000000000000     
 
 Iterations            1  time    1.1498073673300020     
   2.4382337933540128E-003   1.4546785107427624        1.9429416404746904E-004   0.0000000000000000     
 
 Iterations            1  time    1.1547849730211583     
   2.4281781134881035E-003   1.4470592691085571        2.0810800517544219E-004   0.0000000000000000     
 
 Iterations            1  time    1.1597625726649921     
   2.4178241785654665E-003   1.4391718710477281        2.2284274140854426E-004   0.0000000000000000     
 
 Iterations            1  time    1.1647401659733996     
   2.4072432853705530E-003   1.4310684796343551        2.3659430785400571E-004   0.0000000000000000     
 
 Iterations            1  time    1.1697177526067617     
   2.3965170112051860E-003   1.4228093474081354        2.4884575341325771E-004   0.0000000000000000     
 
 Iterations            1  time    1.1746953322558047     
   2.3857363562886278E-003   1.4144622977499390        2.6111918388901521E-004   0.0000000000000000     
 
 Iterations            1  time    1.1796729045114631     
   2.3750004618378396E-003   1.4061019024734522        2.7200244687642261E-004   0.0000000000000000     
 
 Iterations            1  time    1.1846504701995468     
   2.3644174191074889E-003   1.3978097385409594        3.0168532838745947E-004   0.0000000000000000     
 
 Iterations            1  time    1.1896280298174584     
   2.3540991279932481E-003   1.3896714267148167        3.3417539670938841E-004   0.0000000000000000     
 
 Iterations            1  time    1.1946055829387419     
   2.3441623497712110E-003   1.3817767978289426        3.4808047828743777E-004   0.0000000000000000     
 
 Iterations            1  time    1.1995831292043968     
   2.3347276511820141E-003   1.3742190232956808        3.5469175539305564E-004   0.0000000000000000     
 
 Iterations            1  time    1.2045606680260654     
   2.3259154207158988E-003   1.3670920795190615        3.5889422115710089E-004   0.0000000000000000     
 
 Iterations            1  time    1.2095381988319216     
   2.3178444942914588E-003   1.3604894425233747        3.6314739100134412E-004   0.0000000000000000     
 
 Iterations            1  time    1.2145157208994837     
   2.3106291927878393E-003   1.3545019510243899        3.6521080112469510E-004   0.0000000000000000     
 
 Iterations            1  time    1.2194932359131094     
   2.3043812949936301E-003   1.3492183620753861        4.0300598303558773E-004   0.0000000000000000     
 
 Iterations            1  time    1.2244707445361098     
   2.2991915424304399E-003   1.3447143783906503        4.4088366602176512E-004   0.0000000000000000     
 
 Iterations            1  time    1.2294482460399347     
   2.2951484577368440E-003   1.3410626402126902        4.4729752067009112E-004   0.0000000000000000     
 
 Iterations            1  time    1.2344257396447813     
   2.2923315401461473E-003   1.3383284056492109        4.3936118762097424E-004   0.0000000000000000     
 
 Iterations            1  time    1.2394032245952014     
   2.2908013929321593E-003   1.3365634328060423        4.3251493202731606E-004   0.0000000000000000     
 
 Iterations            1  time    1.2443807008269767     
   2.2906008259401785E-003   1.3358060380814563        4.3860571782204096E-004   0.0000000000000000     
 
 Iterations            1  time    1.2493581711643542     
   2.2917613573529916E-003   1.3360845772549281        4.9303758731571255E-004   0.0000000000000000     
 
 Iterations            1  time    1.2543356349585517     
   2.2942643665991827E-003   1.3373945233288200        5.1365992932287025E-004   0.0000000000000000     
 
 Iterations            1  time    1.2593130915012229     
   2.2981171659495220E-003   1.3397425485311936        5.0397439458774824E-004   0.0000000000000000     
 
 Iterations            1  time    1.2642905400933111     
   2.3032885396306064E-003   1.3431089681056896        4.9004597663568990E-004   0.0000000000000000     
 
 Iterations            1  time    1.2692679802228539     
   2.3097284131302792E-003   1.3474593332172220        4.8231482781893245E-004   0.0000000000000000     
 
 Iterations            1  time    1.2742454132490382     
   2.3173739445865736E-003   1.3527480820680085        5.0466398511697609E-004   0.0000000000000000     
 
 Iterations            1  time    1.2792228408995088     
   2.3261317870814559E-003   1.3589084275723189        5.4457651598515744E-004   0.0000000000000000     
 
 Iterations            1  time    1.2842002628076881     
   2.3358926372069912E-003   1.3658611673682470        5.5336799677444990E-004   0.0000000000000000     
 
 Iterations            1  time    1.2891776786760849     
   2.3465645476091514E-003   1.3735349343795433        5.4288603974400596E-004   0.0000000000000000     
 
 Iterations            1  time    1.2941550882792421     
   2.3580269769872776E-003   1.3818393847172847        5.3188183494199445E-004   0.0000000000000000     
 
 Iterations            1  time    1.2991324915493785     
   2.3701482388864201E-003   1.3906759942248959        5.2576125814604569E-004   0.0000000000000000     
 
 Iterations            1  time    1.3041098886111946     
   2.3827934494513826E-003   1.3999433059081785        5.2357816425751744E-004   0.0000000000000000     
 
 Iterations            1  time    1.3090872796254118     
   2.3958240856390969E-003   1.4095370434977506        5.2167485104054475E-004   0.0000000000000000     
 
 Iterations            1  time    1.3140646648854053     
   2.4091031413960499E-003   1.4193536379690621        5.1981628926853771E-004   0.0000000000000000     
 
 Iterations            1  time    1.3190420448670814     
   2.4224943652646283E-003   1.4292901493064347        5.1955294762612411E-004   0.0000000000000000     
 
 Iterations            1  time    1.3240194209074230     
   2.4358688492463892E-003   1.4392485843376821        5.3119421031559222E-004   0.0000000000000000     
 
 Iterations            1  time    1.3289967931400160     
   2.4490846657877095E-003   1.4491239045525650        5.3086383321192536E-004   0.0000000000000000     
 
 Iterations            1  time    1.3339741617103607     
   2.4620335648355817E-003   1.4588323780043029        5.1973005878296096E-004   0.0000000000000000     
 
 Iterations            1  time    1.3389515268321255     
   2.4746056456567611E-003   1.4682905155256361        5.0688725627899588E-004   0.0000000000000000     
 
 Iterations            1  time    1.3439288900099724     
   2.4867054259254859E-003   1.4774249392346490        5.1257095009585882E-004   0.0000000000000000     
 
 Iterations            1  time    1.3489062518692156     
   2.4982243335803225E-003   1.4861558865493882        5.1577732650936385E-004   0.0000000000000000     
 
 Iterations            1  time    1.3538836128953524     
   2.5090929711981016E-003   1.4944289113291682        5.0917262780745686E-004   0.0000000000000000     
 
 Iterations            1  time    1.3588609733264621     
   2.5192471161322363E-003   1.5021942833018527        4.9465116417497974E-004   0.0000000000000000     
 
 Iterations            1  time    1.3638383330573842     
   2.5286335817246933E-003   1.5094106919223442        4.7291265998689584E-004   0.0000000000000000     
 
 Iterations            1  time    1.3688156916678615     
   2.5372127118869674E-003   1.5160467369950457        4.4415787416942596E-004   0.0000000000000000     
 
 Iterations            1  time    1.3737930482277159     
   2.5449555905130085E-003   1.5220791899372956        4.0590421807506084E-004   0.0000000000000000     
 
 Iterations            1  time    1.3787704034902133     
   2.5518624826489141E-003   1.5275042558689182        3.8612541567341341E-004   0.0000000000000000     
 
 Iterations            1  time    1.3837477620064582     
   2.5579366023777456E-003   1.5323214869756983        4.3039897346166346E-004   0.0000000000000000     
 
 Iterations            1  time    1.3887251219636567     
   2.5631082559408507E-003   1.5364875665365345        4.2153726701532385E-004   0.0000000000000000     
 
 Iterations            1  time    1.3937024802425617     
   2.5674527875657284E-003   1.5400490620338849        3.4303406999364530E-004   0.0000000000000000     
 
 Iterations            1  time    1.3986798408780152     
   2.5710621995607510E-003   1.5430638063985720        3.3772789127916030E-004   0.0000000000000000     
 
 Iterations            1  time    1.4036572049388256     
   2.5738774608999857E-003   1.5454987921895578        3.5744353362894533E-004   0.0000000000000000     
 
 Iterations            1  time    1.4086345670006304     
   2.5759214734864758E-003   1.5473722996582497        2.7934619209301926E-004   0.0000000000000000     
 
 Iterations            1  time    1.4136119345843317     
   2.5773941911063766E-003   1.5488116058848633        3.0629005946570213E-004   0.0000000000000000     
 
 Iterations            1  time    1.4185893032193861     
   2.5781578825736806E-003   1.5497379359787917        2.7791213998278904E-004   0.0000000000000000     
 
 Iterations            1  time    1.4235666746873743     
   2.5784020632684391E-003   1.5502741247822791        2.5197753918726045E-004   0.0000000000000000     
 
 Iterations            1  time    1.4285440485961394     
   2.5781335299184163E-003   1.5504307779702684        2.2849389299612591E-004   0.0000000000000000     
 
 Iterations            1  time    1.4335214255136501     
   2.5774252095603499E-003   1.5502598283157876        2.1241567561415545E-004   0.0000000000000000     
 
 Iterations            1  time    1.4384988033732595     
   2.5763141678569030E-003   1.5497910792615579        1.6853853466208599E-004   0.0000000000000000     
 
 Iterations            1  time    1.4434761864410930     
   2.5749158664094946E-003   1.5491025018362750        1.8518814234158313E-004   0.0000000000000000     
 
 Iterations            1  time    1.4484535679583641     
   2.5731694420113166E-003   1.5481633863579574        1.1267057937104092E-004   0.0000000000000000     
 
 Iterations            1  time    1.4534309550804605     
   2.5712894046334609E-003   1.5471122457435567        1.3394695440814368E-004   0.0000000000000000     
 
 Iterations            1  time    1.4584083455249817     
   2.5691675755934642E-003   1.5458881215239753        1.3716778280254975E-004   0.0000000000000000     
 
 Iterations            1  time    1.4633857351589739     
   2.5668923641170281E-003   1.5445511328183417        6.2782140943812471E-005   0.0000000000000000     
 
 Iterations            1  time    1.4683631269793522     
   2.5645703956806189E-003   1.5431713604108237        4.2777600780170133E-005   0.0000000000000000     
 
 Iterations            1  time    1.4733405233663612     
   2.5621690574750304E-003   1.5417325746508432        7.8509004919623265E-005   0.0000000000000000     
 
 Iterations            1  time    1.4783179218399631     
   2.5596790731873789E-003   1.5402324792715125        6.6178269325699196E-005   0.0000000000000000     
 
 Iterations            1  time    1.4832953208718438     
   2.5571686182354670E-003   1.5387155926202485        1.8474455002168914E-005   0.0000000000000000     
 
 Iterations            1  time    1.4882727195105976     
   2.5546562483505968E-003   1.5371950509775638        2.3552868301161594E-005   0.0000000000000000     
 
 Iterations            1  time    1.4932501175058306     
   2.5521433945349887E-003   1.5356729875118416        4.3057832331232031E-005   0.0000000000000000     
 
 Iterations            1  time    1.4982275148453041     
   2.5496276453133575E-003   1.5341486734352627        4.6768019152547336E-005   0.0000000000000000     
 
 Iterations            1  time    1.5032049118079867     
   2.5471115230960395E-003   1.5326240263924604        4.2454764233334070E-005   0.0000000000000000     
 
 Iterations            1  time    1.5081823088684077     
   2.5445968236979689E-003   1.5311002525690596        3.3513733767981762E-005   0.0000000000000000     
 
 Iterations            1  time    1.5131597059788520     
   2.5420828721856377E-003   1.5295769361174847        2.3619075835364337E-005   0.0000000000000000     
 
 Iterations            1  time    1.5181371035101643     
   2.5395704213992819E-003   1.5280545888372539        1.5515849173516992E-005   0.0000000000000000     
 
 Iterations            1  time    1.5231145018682215     
   2.5370613804072462E-003   1.5265346340234978        1.0687462234489211E-005   0.0000000000000000     
 
 Iterations            1  time    1.5280919009124614     
   2.5345588397355343E-003   1.5250195731945408        1.2053229647212352E-005   0.0000000000000000     
 
 Iterations            1  time    1.5330692990488963     
   2.5320693948565546E-003   1.5235145546726616        2.2425420129154200E-005   0.0000000000000000     
 
 Iterations            1  time    1.5380466944707210     
   2.5296042041595187E-003   1.5220281170872432        4.4996392591074180E-005   0.0000000000000000     
 
 Iterations            1  time    1.5430240845295666     
   2.5271794456885321E-003   1.5205725758597466        8.2351041117700958E-005   0.0000000000000000     
 
 Iterations            1  time    1.5480014748680944     
   2.5248528363200243E-003   1.5191866210034668        2.3245704149959466E-005   0.0000000000000000     
 
 Iterations            1  time    1.5529788649791378     
   2.5225805716094047E-003   1.5178469931136966        3.6073166759587271E-005   0.0000000000000000     
 
 Iterations            1  time    1.5579562502941120     
   2.5204041063342725E-003   1.5165840382297548        5.3338944902148431E-006   0.0000000000000000     
 
 Iterations            1  time    1.5629336330615187     
   2.5184231448997186E-003   1.5154645638319006        3.1500420255751593E-006   0.0000000000000000     
 
 Iterations            1  time    1.5679110155236917     
   2.5166493229085915E-003   1.5145015877874526        5.7614716642146160E-005   0.0000000000000000     
 
 Iterations            1  time    1.5728883903776312     
   2.5150835666091953E-003   1.5137022690422193        1.6566163645293992E-005   0.0000000000000000     
 
 Iterations            1  time    1.5778657674762357     
   2.5138861265631132E-003   1.5131723911057819        9.8595448490314806E-005   0.0000000000000000     
 
 Iterations            1  time    1.5828431386311419     
   2.5129866310255339E-003   1.5128755223021182        9.3664651379019519E-005   0.0000000000000000     
 
 Iterations            1  time    1.5878205106532675     
   2.5125494906482731E-003   1.5129202852385375        1.4774813084084302E-004   0.0000000000000000     
 
 Iterations            1  time    1.5927978761069113     
   2.5125520351907673E-003   1.5132995510387757        1.2128666912222081E-004   0.0000000000000000     
 
 Iterations            1  time    1.5977752436553581     
   2.5131398496404563E-003   1.5141094141306932        1.9781186581359990E-004   0.0000000000000000     
 
 Iterations            1  time    1.6027526063985640     
   2.5142789212372289E-003   1.5153348315146182        2.0033690370129895E-004   0.0000000000000000     
 
 Iterations            1  time    1.6077299688113698     
   2.5160935893850135E-003   1.5170570501476710        2.3601770842047440E-004   0.0000000000000000     
 
 Iterations            1  time    1.6127073308591351     
   2.5186008681918671E-003   1.5192903596577569        2.8417140686479359E-004   0.0000000000000000     
 
 Iterations            1  time    1.6176846884676015     
   2.5218340963325749E-003   1.5220576533562675        2.6672787741183586E-004   0.0000000000000000     
 
 Iterations            1  time    1.6226620465691226     
   2.5258675044207992E-003   1.5254051237111512        3.1392646079001044E-004   0.0000000000000000     
 
 Iterations            1  time    1.6276394057389496     
   2.5306933359345073E-003   1.5293274535471306        3.8163590917687589E-004   0.0000000000000000     
 
 Iterations            1  time    1.6326167639108622     
   2.5363231263897394E-003   1.5338291870778928        3.9669695117411905E-004   0.0000000000000000     
 
 Iterations            1  time    1.6375941198119632     
   2.5427753016217690E-003   1.5389171137826914        3.8264704593110501E-004   0.0000000000000000     
 
 Iterations            1  time    1.6425714760421375     
   2.5500480799635294E-003   1.5445838794666706        4.1836888906727023E-004   0.0000000000000000     
 
 Iterations            1  time    1.6475488350835006     
   2.5581093198989214E-003   1.5508022059464162        4.9508656827588387E-004   0.0000000000000000     
 
 Iterations            1  time    1.6525261962006397     
   2.5669161061323796E-003   1.5575365175319413        5.3744629079058293E-004   0.0000000000000000     
 
 Iterations            1  time    1.6575035591491640     
   2.5764296000328067E-003   1.5647519825704268        5.4866785009108658E-004   0.0000000000000000     
 
 Iterations            1  time    1.6624809239544023     
   2.5865951233208502E-003   1.5724031024252954        5.5762069672397950E-004   0.0000000000000000     
 
 Iterations            1  time    1.6674582909340332     
   2.5973404657152095E-003   1.5804326792301535        5.7707386922547686E-004   0.0000000000000000     
 
 Iterations            1  time    1.6724356604716253     
   2.6085831552713191E-003   1.5887765418072102        6.0316122629357964E-004   0.0000000000000000     
 
 Iterations            1  time    1.6774130329858543     
   2.6202326709501770E-003   1.5973651100829069        6.2962873547355567E-004   0.0000000000000000     
 
 Iterations            1  time    1.6823904090938067     
   2.6321915923639815E-003   1.6061243744545941        6.5621838912835202E-004   0.0000000000000000     
 
 Iterations            1  time    1.6873677892178287     
   2.6443549937680655E-003   1.6149758058640287        6.7966535292145257E-004   0.0000000000000000     
 
 Iterations            1  time    1.6923451738382980     
   2.6566142209933693E-003   1.6238388700889412        7.0059559718401593E-004   0.0000000000000000     
 
 Iterations            1  time    1.6973225633687945     
   2.6688577070712169E-003   1.6326317825398367        7.1931240510696506E-004   0.0000000000000000     
 
 Iterations            1  time    1.7022999580932934     
   2.6809717614113735E-003   1.6412721500045586        7.3460725046569600E-004   0.0000000000000000     
 
 Iterations            1  time    1.7072773581814373     
   2.6928444723489245E-003   1.6496795363289318        7.4586429245329503E-004   0.0000000000000000     
 
 Iterations            1  time    1.7122547636541172     
   2.7043654107895545E-003   1.6577754094208308        7.5270000971013528E-004   0.0000000000000000     
 
 Iterations            1  time    1.7172321744325214     
   2.7154287100166472E-003   1.6654851344188375        7.5564720995117225E-004   0.0000000000000000     
 
 Iterations            1  time    1.7222095903525967     
   2.7259333166242045E-003   1.6727382171433596        7.5539678767615399E-004   0.0000000000000000     
 
 Iterations            1  time    1.7271870111266570     
   2.7357859166333423E-003   1.6794701469851856        7.5167475458429525E-004   0.0000000000000000     
 
 Iterations            1  time    1.7321644399186340     
   2.7448927973410323E-003   1.6856173243339603        7.9192919903896253E-004   0.0000000000000000     
 
 Iterations            1  time    1.7371418766789029     
   2.7531974137830206E-003   1.6911406557446289        8.1846174399384226E-004   0.0000000000000000     
 
 Iterations            1  time    1.7421193209644736     
   2.7606195092386623E-003   1.6959873063848461        8.1150181282093681E-004   0.0000000000000000     
 
 Iterations            1  time    1.7470967722218917     
   2.7671025011121136E-003   1.7001204394742193        7.8949753187826789E-004   0.0000000000000000     
 
 Iterations            1  time    1.7520742298638123     
   2.7726044362942500E-003   1.7035134902371358        7.6752233827778044E-004   0.0000000000000000     
 
 Iterations            1  time    1.7570516931725333     
   2.7770939940934369E-003   1.7061477036398305        7.4665998303233240E-004   0.0000000000000000     
 
 Iterations            1  time    1.7620291651417337     
   2.7805388019189851E-003   1.7080048610102128        7.7629159760652798E-004   0.0000000000000000     
 
 Iterations            1  time    1.7670066458014921     
   2.7829616130545390E-003   1.7091017220673184        7.9619972868716544E-004   0.0000000000000000     
 
 Iterations            1  time    1.7719841342981590     
   2.7843475960833606E-003   1.7094332100980125        7.7696779434231300E-004   0.0000000000000000     
 
 Iterations            1  time    1.7769616298421913     
   2.7847061120761015E-003   1.7090101787143601        7.4106069943506258E-004   0.0000000000000000     
 
 Iterations            1  time    1.7819391317617830     
   2.7840669670526567E-003   1.7078570765981886        7.0896171162947348E-004   0.0000000000000000     
 
 Iterations            1  time    1.7869166409676835     
   2.7824635863511098E-003   1.7060016659734363        7.0469988422977971E-004   0.0000000000000000     
 
 Iterations            1  time    1.7918941590180044     
   2.7799513257224431E-003   1.7034859910721503        7.2423716999794137E-004   0.0000000000000000     
 
 Iterations            1  time    1.7968716852156557     
   2.7765972516395248E-003   1.7003601434104065        7.1547722868816254E-004   0.0000000000000000     
 
 Iterations            1  time    1.8018492188178232     
   2.7724465445680274E-003   1.6966618316189630        6.8130827261271814E-004   0.0000000000000000     
 
 Iterations            1  time    1.8068267592639846     
   2.7675685161753574E-003   1.6924442123254602        6.4584055121547719E-004   0.0000000000000000     
 
 Iterations            1  time    1.8118043060090889     
   2.7620443384521990E-003   1.6877682423280207        6.1641605829282234E-004   0.0000000000000000     
 
 Iterations            1  time    1.8167818592951848     
   2.7559521017796341E-003   1.6826936024376276        6.0097369212856874E-004   0.0000000000000000     
 
 Iterations            1  time    1.8217594206758607     
   2.7493748510787623E-003   1.6772833450147104        6.1062661849167494E-004   0.0000000000000000     
 
 Iterations            1  time    1.8267369896264096     
   2.7424153940092317E-003   1.6716127099182341        5.9921981187423202E-004   0.0000000000000000     
 
 Iterations            1  time    1.8317145656856986     
   2.7351395210786457E-003   1.6657347381894037        5.6806665781234528E-004   0.0000000000000000     
 
 Iterations            1  time    1.8366921485054644     
   2.7276310009652078E-003   1.6597132076214378        5.3617931453153809E-004   0.0000000000000000     
 
 Iterations            1  time    1.8416697377656239     
   2.7199754925052349E-003   1.6536127666397071        5.0935891680442156E-004   0.0000000000000000     
 
 Iterations            1  time    1.8466473332868318     
   2.7122520695511843E-003   1.6474936369785587        4.8685763569490822E-004   0.0000000000000000     
 
 Iterations            1  time    1.8516249348694849     
   2.7045355636282175E-003   1.6414127937907372        4.6489394331838350E-004   0.0000000000000000     
 
 Iterations            1  time    1.8566025423738406     
   2.6968921853263018E-003   1.6354212248446969        4.4286962762167439E-004   0.0000000000000000     
 
 Iterations            1  time    1.8615801556305276     
   2.6893832264026740E-003   1.6295659246671523        4.2035003333308651E-004   0.0000000000000000     
 
 Iterations            1  time    1.8665577745177355     
   2.6820623794128807E-003   1.6238881087031256        3.9832797688356506E-004   0.0000000000000000     
 
 Iterations            1  time    1.8715353988631493     
   2.6749761214371320E-003   1.6184233811480238        3.7606430599702721E-004   0.0000000000000000     
 
 Iterations            1  time    1.8765130283286311     
   2.6681626176786179E-003   1.6132009224466082        3.5108385386666734E-004   0.0000000000000000     
 
 Iterations            1  time    1.8814906625893486     
   2.6616502606249749E-003   1.6082425209807401        3.2522417275344663E-004   0.0000000000000000     
 
 Iterations            1  time    1.8864683011354237     
   2.6554616375508836E-003   1.6035649597473540        2.9718441476643895E-004   0.0000000000000000     
 
 Iterations            1  time    1.8914459433047748     
   2.6496093458328192E-003   1.5991775047981476        2.6610896783214318E-004   0.0000000000000000     
 
 Iterations            1  time    1.8964235903146203     
   2.6440886176037595E-003   1.5950775009055078        2.6388736515339789E-004   0.0000000000000000     
 
 Iterations            1  time    1.9014012423420377     
   2.6389192613768542E-003   1.5912755249308193        2.6099718472522997E-004   0.0000000000000000     
 
 Iterations            1  time    1.9063788984666785     
   2.6340878883321386E-003   1.5877610200389976        2.3135812879824017E-004   0.0000000000000000     
 
 Iterations            1  time    1.9113565573004270     
   2.6295715209693482E-003   1.5845164836090320        1.8342348726935035E-004   0.0000000000000000     
 
 Iterations            1  time    1.9163342199150488     
   2.6253385046731393E-003   1.5815182323321231        1.7414746170876994E-004   0.0000000000000000     
 
 Iterations            1  time    1.9213118866778300     
   2.6213939801139506E-003   1.5787636592329988        1.7730958215872846E-004   0.0000000000000000     
 
 Iterations            1  time    1.9262895552964181     
   2.6177180403080115E-003   1.5762346326924785        1.3180715999713604E-004   0.0000000000000000     
 
 Iterations            1  time    1.9312672278014098     
   2.6142378296928680E-003   1.5738810082560699        1.3138991339889071E-004   0.0000000000000000     
 
 Iterations            1  time    1.9362449028114919     
   2.6109786613755788E-003   1.5717107981488183        1.1283526858319361E-004   0.0000000000000000     
 
 Iterations            1  time    1.9412225802992897     
   2.6078801415633629E-003   1.5696811471640424        9.2027336861459711E-005   0.0000000000000000     
 
 Iterations            1  time    1.9462002600907575     
   2.6049235296804808E-003   1.5677739492043294        7.6877166536384783E-005   0.0000000000000000     
 
 Iterations            1  time    1.9511779422794717     
   2.6020830005598467E-003   1.5659673199761250        6.8388517810635946E-005   0.0000000000000000     
 
 Iterations            1  time    1.9561556253767454     
   2.5993431346766271E-003   1.5642459811951042        3.6427926671324922E-005   0.0000000000000000     
 
 Iterations            1  time    1.9611333114468892     
   2.5966553486424823E-003   1.5625755543551745        5.0878864659751049E-005   0.0000000000000000     
 
 Iterations            1  time    1.9661109984704370     
   2.5940449202192821E-003   1.5609661344877575        2.7006179233868787E-005   0.0000000000000000     
 
 Iterations            1  time    1.9710886860928987     
   2.5914596608681280E-003   1.5593826528309194        4.2483150511710504E-007   0.0000000000000000     
 
 Iterations            1  time    1.9760663760281076     
   2.5888896115832858E-003   1.5578157208132164        1.8831101688972675E-005   0.0000000000000000     
 
 Iterations            1  time    1.9810440671862311     
   2.5863541168470536E-003   1.5562741460031806        1.1627332836591603E-005   0.0000000000000000     
 
 Iterations            1  time    1.9860217587786217     
   2.5838235982684073E-003   1.5547384182839978        1.4203076826480276E-005   0.0000000000000000     
 
 Iterations            1  time    1.9909994504445776     
   2.5812928975715182E-003   1.5532040674094816        3.0637626969761053E-005   0.0000000000000000     
 
 Iterations            1  time    1.9959771419970367     
   2.5787657279077395E-003   1.5516724659224421        3.5747849923037150E-005   0.0000000000000000     
 
 Iterations            1  time    2.0009548334377238     
   2.5762423211026660E-003   1.5501433236331534        3.5113483286165048E-005   0.0000000000000000     
 
