 Iterations            1  time    4.9776913937626078E-003
   9.0788857375577227E-014   2.4999927613955776E-011   0.0000000000000000        0.0000000000000000     
 
 Iterations            1  time    9.9553827875252278E-003
   3.2313630787400334E-008   1.7803727770042539E-005   3.8035414695521800E-007   0.0000000000000000     
 
 Iterations            1  time    1.4933074220371427E-002
   4.4468563793505518E-007   2.4501707149586645E-004   1.5785416008447571E-006   0.0000000000000000     
 
 Iterations            1  time    1.9910765815418400E-002
   1.3888686213187325E-006   7.6533678820690462E-004   1.9105699430709321E-006   0.0000000000000000     
 
 Iterations            1  time    2.4888457389782317E-002
   2.9888862358409301E-006   1.6473091206939206E-003   5.5390205274635698E-007   0.0000000000000000     
 
 Iterations            1  time    2.9866148374475189E-002
   5.3455908353334955E-006   2.9468720475583940E-003   2.9039313905906869E-006   0.0000000000000000     
 
 Iterations            1  time    3.4843837975710418E-002
   8.5460299859369504E-006   4.7125409962235259E-003   9.2639094792658825E-006   0.0000000000000000     
 
 Iterations            1  time    3.9821524984725513E-002
   1.2665187836042694E-005   6.9863867408527331E-003   1.9419748985963882E-005   0.0000000000000000     
 
 Iterations            1  time    4.4799212011239153E-002
   1.7770362195953952E-005   9.8064632881390956E-003   1.1717112996664563E-006   0.0000000000000000     
 
 Iterations            1  time    4.9776897706568839E-002
   2.3917846125109794E-005   1.3204987641188232E-002   4.8566880510893181E-007   0.0000000000000000     
 
 Iterations            1  time    5.4754579864814794E-002
   3.1159842344695675E-005   1.7212159663905088E-002   1.8957419262425049E-005   0.0000000000000000     
 
 Iterations            1  time    5.9732261873306061E-002
   3.9544590441517726E-005   2.1856241172002376E-002   3.5315043634104358E-007   0.0000000000000000     
 
 Iterations            1  time    6.4709940783942765E-002
   4.9104584530016108E-005   2.7157044754987241E-002   6.7785472466106896E-006   0.0000000000000000     
 
 Iterations            1  time    6.9687618179302357E-002
   5.9879859062662505E-005   3.3138796484929109E-002   1.3859664499050383E-006   0.0000000000000000     
 
 Iterations            1  time    7.4665292116976992E-002
   7.1892653190867994E-005   3.9816128780735142E-002   8.8332013115365426E-006   0.0000000000000000     
 
 Iterations            1  time    7.9642964366738622E-002
   8.5171564549857195E-005   4.7207429800211351E-002   1.8743358389302709E-006   0.0000000000000000     
 
 Iterations            1  time    8.4620631948047406E-002
   9.9726820770450981E-005   5.5321143356915722E-002   1.1280844207392030E-005   0.0000000000000000     
 
 Iterations            1  time    8.9598297935188281E-002
   1.1558093679932648E-004   6.4172737602871663E-002   5.7980902794177224E-006   0.0000000000000000     
 
 Iterations            1  time    9.4575960523542696E-002
   1.3273048575377679E-004   7.3763500331637158E-002   6.4255909930817715E-006   0.0000000000000000     
 
 Iterations            1  time    9.9553617894481500E-002
   1.5118461556111915E-004   8.4101870829874470E-002   9.1574639825056490E-006   0.0000000000000000     
 
 Iterations            1  time   0.10453127290325329     
   1.7094557671287853E-004   9.5192631713779258E-002   9.0797799164343901E-006   0.0000000000000000     
 
 Iterations            1  time   0.10950892442092133     
   1.9199673311151393E-004  0.10703021457112190        1.5788577842811959E-005   0.0000000000000000     
 
 Iterations            1  time   0.11448657138956174     
   2.1433325388804159E-004  0.11961571674214981        8.7984752850929082E-006   0.0000000000000000     
 
 Iterations            1  time   0.11946421306617439     
   2.3794051806438253E-004  0.13294489183741703        2.4054946976275970E-006   0.0000000000000000     
 
 Iterations            1  time   0.12444184962696520     
   2.6279806635243593E-004  0.14701029774497415        6.0560455132868506E-006   0.0000000000000000     
 
 Iterations            1  time   0.12941948223647451     
   2.8888204201775718E-004  0.16180264310115636        2.1323327915901978E-005   0.0000000000000000     
 
 Iterations            1  time   0.13439711029905238     
   3.1615921321274324E-004  0.17730738438537011        2.6278594417618712E-005   0.0000000000000000     
 
 Iterations            1  time   0.13937473342507700     
   3.4460229116090225E-004  0.19351328189494404        2.5416041634149936E-005   0.0000000000000000     
 
 Iterations            1  time   0.14435235125755302     
   3.7417355603825542E-004  0.21040319239135255        2.5171498785338919E-005   0.0000000000000000     
 
 Iterations            1  time   0.14932996355057965     
   4.0483265103366842E-004  0.22795841026365501        2.7094285842711146E-005   0.0000000000000000     
 
 Iterations            1  time   0.15430757005955842     
   4.3653440144233958E-004  0.24615738683429372        2.9798698096811320E-005   0.0000000000000000     
 
 Iterations            1  time   0.15928517055916380     
   4.6923086432658557E-004  0.26497685746640259        3.2532375399226237E-005   0.0000000000000000     
 
 Iterations            1  time   0.16426276484486751     
   5.0286982507018196E-004  0.28439094709114332        3.5301532404173251E-005   0.0000000000000000     
 
 Iterations            1  time   0.16924035263981044     
   5.3739561763163613E-004  0.30437160493244297        3.7537564202990923E-005   0.0000000000000000     
 
 Iterations            1  time   0.17421793359441859     
   5.7275004047540213E-004  0.32488908955006884        3.8945040226755399E-005   0.0000000000000000     
 
 Iterations            1  time   0.17919550738927595     
   6.0887023871813019E-004  0.34591070448818284        4.0292155977633180E-005   0.0000000000000000     
 
 Iterations            1  time   0.18417307352687246     
   6.4569182421901487E-004  0.36740258577570079        4.0450843085147364E-005   0.0000000000000000     
 
 Iterations            1  time   0.18915063295423515     
   6.8314901974108472E-004  0.38932967513085254        5.0629007394425640E-005   0.0000000000000000     
 
 Iterations            1  time   0.19412818621202854     
   7.2116528445073712E-004  0.41165043468632456        6.2889404330690444E-005   0.0000000000000000     
 
 Iterations            1  time   0.19910573293140971     
   7.5966651455253024E-004  0.43432425363646388        6.6635358407255915E-005   0.0000000000000000     
 
 Iterations            1  time   0.20408327260880119     
   7.9858113319069516E-004  0.45731152815519943        6.5033854296625492E-005   0.0000000000000000     
 
 Iterations            1  time   0.20906080471386290     
   8.3782970922642510E-004  0.48056766479526908        6.2809417590013446E-005   0.0000000000000000     
 
 Iterations            1  time   0.21403832846595788     
   8.7733251142019665E-004  0.50404745786982708        5.9430910443934387E-005   0.0000000000000000     
 
 Iterations            1  time   0.21901584319688044     
   9.1700695805981404E-004  0.52770347386408956        5.6222084753125136E-005   0.0000000000000000     
 
 Iterations            1  time   0.22399335184861210     
   9.5678067081584499E-004  0.55149367432695817        7.9511343032629677E-005   0.0000000000000000     
 
 Iterations            1  time   0.22897085388893607     
   9.9654040588412229E-004  0.57535188999281306        9.0601626113084619E-005   0.0000000000000000     
 
 Iterations            1  time   0.23394834852826579     
   1.0362196749701008E-003  0.59923835093808764        8.6207357598610008E-005   0.0000000000000000     
 
 Iterations            1  time   0.23892583500741571     
   1.0757347041967617E-003  0.62310274869206506        7.8648393346523657E-005   0.0000000000000000     
 
 Iterations            1  time   0.24390331258987552     
   1.1149960867808245E-003  0.64689093741083958        7.2933360704412791E-005   0.0000000000000000     
 
 Iterations            1  time   0.24888078263566207     
   1.1539242062770555E-003  0.67055393071571301        8.3358797678669290E-005   0.0000000000000000     
 
 Iterations            1  time   0.25385824668120938     
   1.1924215609874695E-003  0.69403173543851482        1.0262750983636729E-004   0.0000000000000000     
 
 Iterations            1  time   0.25883570402218509     
   1.2303961052674735E-003  0.71726697658645977        1.0579343130691402E-004   0.0000000000000000     
 
 Iterations            1  time   0.26381315394536947     
   1.2677794805400768E-003  0.74021555713663023        9.8519289800837743E-005   0.0000000000000000     
 
 Iterations            1  time   0.26879059589799548     
   1.3044892298434663E-003  0.76282462523124184        9.1554570292592743E-005   0.0000000000000000     
 
 Iterations            1  time   0.27376802933756927     
   1.3404428243084740E-003  0.78504084127228257        8.6742897540163872E-005   0.0000000000000000     
 
 Iterations            1  time   0.27874545661512817     
   1.3755735220176506E-003  0.80681966739300970        1.0282296905799922E-004   0.0000000000000000     
 
 Iterations            1  time   0.28372287857477602     
   1.4097837683399814E-003  0.82809801123337934        1.1870281756136364E-004   0.0000000000000000     
 
 Iterations            1  time   0.28870029485022131     
   1.4430100649028372E-003  0.84883243519140439        1.1968650199229003E-004   0.0000000000000000     
 
 Iterations            1  time   0.29367770525687842     
   1.4751967024746286E-003  0.86898374697655234        1.1473901112473668E-004   0.0000000000000000     
 
 Iterations            1  time   0.29865510972152137     
   1.5062804906494079E-003  0.88850810390825063        1.1123395363651814E-004   0.0000000000000000     
 
 Iterations            1  time   0.30363250818388410     
   1.5362029804630905E-003  0.90736427022394217        1.0939010874341146E-004   0.0000000000000000     
 
 Iterations            1  time   0.30860990081416900     
   1.5649130997174329E-003  0.92551516313049842        1.0925706428313433E-004   0.0000000000000000     
 
 Iterations            1  time   0.31358728792440299     
   1.5923653861445813E-003  0.94292694740684735        1.1042961297816588E-004   0.0000000000000000     
 
 Iterations            1  time   0.31856466986195975     
   1.6185218489265017E-003  0.95957023208246073        1.1185944394400622E-004   0.0000000000000000     
 
 Iterations            1  time   0.32354204714766183     
   1.6433515577170866E-003  0.97541982891935131        1.1403831239835428E-004   0.0000000000000000     
 
 Iterations            1  time   0.32851942036392023     
   1.6668294106167143E-003  0.99045414065953008        1.1678303757232006E-004   0.0000000000000000     
 
 Iterations            1  time   0.33349679015056516     
   1.6889383826554135E-003   1.0046565780317933        1.1976409434334171E-004   0.0000000000000000     
 
 Iterations            1  time   0.33847415715085233     
   1.7096698220871983E-003   1.0180158473499932        1.2253801802541791E-004   0.0000000000000000     
 
 Iterations            1  time   0.34345152194363976     
   1.7290215952651229E-003   1.0305248263053493        1.2448279392190172E-004   0.0000000000000000     
 
 Iterations            1  time   0.34842888514794351     
   1.7470004295771146E-003   1.0421820979719345        1.2607919971592950E-004   0.0000000000000000     
 
 Iterations            1  time   0.35340624718420649     
   1.7636193281804775E-003   1.0529904770066565        1.2619488083709583E-004   0.0000000000000000     
 
 Iterations            1  time   0.35838360817191833     
   1.7789003455648195E-003   1.0629587380358878        1.2331276990205532E-004   0.0000000000000000     
 
 Iterations            1  time   0.36336096801263829     
   1.7928731833073612E-003   1.0721007678345202        1.1750763386706493E-004   0.0000000000000000     
 
 Iterations            1  time   0.36833832616333312     
   1.8055732557762188E-003   1.0804345077842881        1.0775048212597756E-004   0.0000000000000000     
 
 Iterations            1  time   0.37331568153425437     
   1.8170440390189516E-003   1.0879834189344368        9.2671261430659003E-005   0.0000000000000000     
 
 Iterations            1  time   0.37829303802670111     
   1.8273599211369625E-003   1.0947903111885238        1.0838021639053566E-004   0.0000000000000000     
 
 Iterations            1  time   0.38327039705429822     
   1.8365295855739365E-003   1.1008587782700203        1.2793384505447973E-004   0.0000000000000000     
 
 Iterations            1  time   0.38824775661308941     
   1.8446146157562794E-003   1.1062252475161765        1.1669637778654491E-004   0.0000000000000000     
 
 Iterations            1  time   0.39322511365073465     
   1.8517041832558409E-003   1.1109434865899994        8.0342823788894126E-005   0.0000000000000000     
 
 Iterations            1  time   0.39820247494445632     
   1.8579167252309407E-003   1.1150857944208119        1.0264653259459960E-004   0.0000000000000000     
 
 Iterations            1  time   0.40317983867707946     
   1.8632117415776606E-003   1.1186280789391632        1.1231408912453330E-004   0.0000000000000000     
 
 Iterations            1  time   0.40815719935090067     
   1.8676994455959803E-003   1.1216390255284789        6.8736887131107385E-005   0.0000000000000000     
 
 Iterations            1  time   0.41313456706804697     
   1.8715577375870911E-003   1.1242289150752676        1.0106926514499094E-004   0.0000000000000000     
 
 Iterations            1  time   0.41811193481541764     
   1.8746789519354166E-003   1.1263337783773029        8.8264226577759099E-005   0.0000000000000000     
 
 Iterations            1  time   0.42308930661451966     
   1.8772832147160915E-003   1.1280911801216762        8.7227705077422401E-005   0.0000000000000000     
 
 Iterations            1  time   0.42806667968761719     
   1.8793593389456389E-003   1.1294965325190667        7.2784183986848787E-005   0.0000000000000000     
 
 Iterations            1  time   0.43304405677945640     
   1.8810283750972752E-003   1.1306271505411869        7.5959824277985327E-005   0.0000000000000000     
 
 Iterations            1  time   0.43802143369026558     
   1.8822967405421229E-003   1.1314897643771729        5.3325277504033426E-005   0.0000000000000000     
 
 Iterations            1  time   0.44299881476502068     
   1.8833041681001010E-003   1.1321732852825304        7.1939277573762061E-005   0.0000000000000000     
 
 Iterations            1  time   0.44797619673170280     
   1.8839982328402523E-003   1.1326481990794821        4.6237811169840436E-005   0.0000000000000000     
 
 Iterations            1  time   0.45295358181268908     
   1.8845450339393262E-003   1.1330196677654674        5.2403305521446778E-005   0.0000000000000000     
 
 Iterations            1  time   0.45793097107068947     
   1.8849057266111936E-003   1.1332660708389803        6.0073410437787875E-005   0.0000000000000000     
 
 Iterations            1  time   0.46290836091634974     
   1.8851278503508703E-003   1.1334192389765427        3.0805174245327003E-005   0.0000000000000000     
 
 Iterations            1  time   0.46788575216207579     
   1.8852959030387681E-003   1.1335331489934195        1.8943786005852217E-005   0.0000000000000000     
 
 Iterations            1  time   0.47286314488082015     
   1.8854071637577898E-003   1.1336077708193300        4.1803469271857849E-005   0.0000000000000000     
 
 Iterations            1  time   0.47784054202220883     
   1.8854472067336874E-003   1.1336356859752716        4.2252353958551672E-005   0.0000000000000000     
 
 Iterations            1  time   0.48281794103441134     
   1.8854664994254720E-003   1.1336491528424970        2.0919354500781788E-005   0.0000000000000000     
 
 Iterations            1  time   0.48779533980780804     
   1.8854839344459699E-003   1.1336604841226114        1.6763255098714438E-006   0.0000000000000000     
 
 Iterations            1  time   0.49277273783588932     
   1.8854987601336702E-003   1.1336697227586763        7.9161817520980386E-006   0.0000000000000000     
 
 Iterations            1  time   0.49775013519596867     
   1.8855115283848355E-003   1.1336775240537516        8.9359854875146268E-006   0.0000000000000000     
 
 Iterations            1  time   0.50272753216438004     
   1.8855220154467280E-003   1.1336838839289227        5.6634690514295479E-006   0.0000000000000000     
 
 Iterations            1  time   0.50770492914767584     
   1.8855312163442621E-003   1.1336894523145808        8.6035462049112937E-007   0.0000000000000000     
 
 Iterations            1  time   0.51268232614097153     
   1.8855395046680227E-003   1.1336944747528679        4.1873266641106783E-006   0.0000000000000000     
 
 Iterations            1  time   0.51765972362763291     
   1.8855473352142880E-003   1.1336993218541314        7.9520803879931484E-006   0.0000000000000000     
 
 Iterations            1  time   0.52263712188794753     
   1.8855566338416710E-003   1.1337054642771769        9.8058200242262552E-006   0.0000000000000000     
 
 Iterations            1  time   0.52761452092914707     
   1.8855698478246600E-003   1.1337149794920287        7.7104836147883922E-006   0.0000000000000000     
 
 Iterations            1  time   0.53259191920659654     
   1.8855927703639848E-003   1.1337323978119906        1.2607430672941152E-006   0.0000000000000000     
 
 Iterations            1  time   0.53756931498229654     
   1.8856328527994501E-003   1.1337637090823098        1.1457372009885771E-005   0.0000000000000000     
 
 Iterations            1  time   0.54254670568675889     
   1.8857015252154868E-003   1.1338178732554047        3.2021576083405735E-005   0.0000000000000000     
 
 Iterations            1  time   0.54752409582716510     
   1.8858359899781734E-003   1.1339203016565442        1.2303819333708404E-005   0.0000000000000000     
 
 Iterations            1  time   0.55250148613349170     
   1.8860151647243878E-003   1.1340609377607613        1.6263180350556588E-005   0.0000000000000000     
 
 Iterations            1  time   0.55747887218954262     
   1.8862551515137591E-003   1.1342533579501612        2.5520164155370949E-006   0.0000000000000000     
 
 Iterations            1  time   0.56245625463035787     
   1.8866212544855498E-003   1.1345419271111459        1.0309949470941428E-005   0.0000000000000000     
 
 Iterations            1  time   0.56743363739987640     
   1.8871352073627317E-003   1.1349444585498281        1.5392117808063385E-005   0.0000000000000000     
 
 Iterations            1  time   0.57241101333336997     
   1.8877788208176095E-003   1.1354546058038482        3.3453301359361566E-006   0.0000000000000000     
 
 Iterations            1  time   0.57738839057165370     
   1.8886580690968982E-003   1.1361429433098429        2.4735917422087354E-005   0.0000000000000000     
 
 Iterations            1  time   0.58236576277035090     
   1.8897331812217869E-003   1.1369900384649154        2.0224486199612178E-005   0.0000000000000000     
 
 Iterations            1  time   0.58734313479228206     
   1.8910955316035368E-003   1.1380575557654908        3.5994557431481434E-005   0.0000000000000000     
 
 Iterations            1  time   0.59232050145669601     
   1.8927376954942939E-003   1.1393459062086344        2.4420356029541474E-005   0.0000000000000000     
 
 Iterations            1  time   0.59729786921334271     
   1.8947362527320631E-003   1.1409069464847676        5.1538599728067528E-005   0.0000000000000000     
 
 Iterations            1  time   0.60227523105494085     
   1.8970706915613250E-003   1.1427322999238434        3.8461610075040633E-005   0.0000000000000000     
 
 Iterations            1  time   0.60725259426898492     
   1.8998233471716425E-003   1.1448760827092817        6.4744797932450706E-005   0.0000000000000000     
 
 Iterations            1  time   0.61222995613997466     
   1.9029752463957811E-003   1.1473294535067344        7.9427627979506663E-005   0.0000000000000000     
 
 Iterations            1  time   0.61720731254957728     
   1.9065553591508105E-003   1.1501119553061054        5.5094526574189131E-005   0.0000000000000000     
 
 Iterations            1  time   0.62218467153186008     
   1.9106104812700976E-003   1.1532528440764913        8.8064276234457958E-005   0.0000000000000000     
 
 Iterations            1  time   0.62716203082857436     
   1.9151052336356363E-003   1.1567302702953099        1.1265500814177259E-004   0.0000000000000000     
 
 Iterations            1  time   0.63213938832801653     
   1.9200503346911051E-003   1.1605489784598546        1.0421832258486299E-004   0.0000000000000000     
 
 Iterations            1  time   0.63711674278991082     
   1.9254502380132083E-003   1.1647087673119796        8.7483903351404926E-005   0.0000000000000000     
 
 Iterations            1  time   0.64209410012523427     
   1.9312954504497255E-003   1.1691995224990757        1.2117929167764270E-004   0.0000000000000000     
 
 Iterations            1  time   0.64707145974011637     
   1.9375424021874361E-003   1.1739896597165573        1.5086637157416444E-004   0.0000000000000000     
 
 Iterations            1  time   0.65204882096988426     
   1.9441635322340338E-003   1.1790556543463941        1.5557829168459772E-004   0.0000000000000000     
 
 Iterations            1  time   0.65702618360403808     
   1.9511267447259474E-003   1.1843703995093606        1.5184097744519432E-004   0.0000000000000000     
 
 Iterations            1  time   0.66200354780312998     
   1.9583855959362608E-003   1.1898971876423978        1.5314563699555221E-004   0.0000000000000000     
 
 Iterations            1  time   0.66698091387282543     
   1.9658848259080808E-003   1.1955932246142742        1.6030898607802979E-004   0.0000000000000000     
 
 Iterations            1  time   0.67195828229569010     
   1.9735638588830508E-003   1.2014119044554441        1.7026629114918503E-004   0.0000000000000000     
 
 Iterations            1  time   0.67693565366129727     
   1.9813585524427546E-003   1.2073040308661385        1.8081704502057134E-004   0.0000000000000000     
 
 Iterations            1  time   0.68191302849154800     
   1.9891993511041697E-003   1.2132169199848342        1.9034337149832694E-004   0.0000000000000000     
 
 Iterations            1  time   0.68689040744234420     
   1.9970144195327892E-003   1.2190963703144744        1.9966350160436478E-004   0.0000000000000000     
 
 Iterations            1  time   0.69186779092785688     
   2.0047288799315351E-003   1.2248865063630221        2.0746704065509718E-004   0.0000000000000000     
 
 Iterations            1  time   0.69684517947480762     
   2.0122677719578885E-003   1.2305315967621471        2.1470077437081808E-004   0.0000000000000000     
 
 Iterations            1  time   0.70182257333258091     
   2.0195559316896067E-003   1.2359762161651699        2.2013373750441565E-004   0.0000000000000000     
 
 Iterations            1  time   0.70679997279415918     
   2.0265203250160869E-003   1.2411666702557791        2.2447823332724759E-004   0.0000000000000000     
 
 Iterations            1  time   0.71177737793781948     
   2.0330892002476033E-003   1.2460507405207062        2.2715847086075402E-004   0.0000000000000000     
 
 Iterations            1  time   0.71675478876313936     
   2.0391956053674547E-003   1.2505797205855593        2.2824296645792576E-004   0.0000000000000000     
 
 Iterations            1  time   0.72173220506452673     
   2.0447768068959675E-003   1.2547083010853615        2.2727992403715651E-004   0.0000000000000000     
 
 Iterations            1  time   0.72670962665575567     
   2.0497757582474741E-003   1.2583953895003295        2.2536187474112208E-004   0.0000000000000000     
 
 Iterations            1  time   0.73168705349264407     
   2.0541415832570978E-003   1.2616045447987854        2.2425864390274476E-004   0.0000000000000000     
 
 Iterations            1  time   0.73666448881312863     
   2.0578257187367963E-003   1.2643015393745265        2.4581710307795894E-004   0.0000000000000000     
 
 Iterations            1  time   0.74164193213534724     
   2.0608074036711915E-003   1.2664702616018071        2.5649436016190276E-004   0.0000000000000000     
 
 Iterations            1  time   0.74661938287474827     
   2.0630471152026761E-003   1.2680837166753955        2.5006212894837434E-004   0.0000000000000000     
 
 Iterations            1  time   0.75159684048194164     
   2.0645261251853301E-003   1.2691286859601858        2.3877919776520284E-004   0.0000000000000000     
 
 Iterations            1  time   0.75657430434967021     
   2.0652363673333033E-003   1.2695994033821505        2.2911474508213980E-004   0.0000000000000000     
 
 Iterations            1  time   0.76155177446518485     
   2.0651762796389849E-003   1.2694949883248519        2.2526450215829778E-004   0.0000000000000000     
 
 Iterations            1  time   0.76652925374638148     
   2.0643495787878220E-003   1.2688186949488993        2.4458274524905796E-004   0.0000000000000000     
 
 Iterations            1  time   0.77150674142372988     
   2.0627925855731047E-003   1.2675946015424593        2.5052579865899861E-004   0.0000000000000000     
 
 Iterations            1  time   0.77648423672393585     
   2.0605131720072955E-003   1.2658303210306376        2.3924572927809103E-004   0.0000000000000000     
 
 Iterations            1  time   0.78146173884906689     
   2.0575455645644117E-003   1.2635504599270402        2.2378799914836482E-004   0.0000000000000000     
 
 Iterations            1  time   0.78643924710348956     
   2.0539326785085333E-003   1.2607858214081451        2.1139238510255371E-004   0.0000000000000000     
 
 Iterations            1  time   0.79141676366809866     
   2.0497169080497929E-003   1.2575677541941943        2.2184823214648335E-004   0.0000000000000000     
 
 Iterations            1  time   0.79639428883301433     
   2.0449722165777878E-003   1.2539475213677678        2.3135956530388136E-004   0.0000000000000000     
 
 Iterations            1  time   0.80137182182992306     
   2.0397490623191984E-003   1.2499630065296401        2.2419826655295172E-004   0.0000000000000000     
 
 Iterations            1  time   0.80634936202819407     
   2.0341059675101120E-003   1.2456576711992604        2.0992699126642561E-004   0.0000000000000000     
 
 Iterations            1  time   0.81132690886917069     
   2.0281131188787612E-003   1.2410827373291118        1.9751343070575398E-004   0.0000000000000000     
 
 Iterations            1  time   0.81630446194686135     
   2.0218429705476568E-003   1.2362913204649464        1.8875243154423149E-004   0.0000000000000000     
 
 Iterations            1  time   0.82128202175041232     
   2.0153661847732460E-003   1.2313359414737413        1.8776981421509718E-004   0.0000000000000000     
 
 Iterations            1  time   0.82625958938078259     
   2.0087571017641092E-003   1.2262716840155765        1.9457366168645511E-004   0.0000000000000000     
 
 Iterations            1  time   0.83123716439722362     
   2.0020950266385422E-003   1.2211567676123156        1.9168574310401569E-004   0.0000000000000000     
 
 Iterations            1  time   0.83621474638137216     
   1.9954376869545597E-003   1.2160365457869016        1.8108526382207976E-004   0.0000000000000000     
 
 Iterations            1  time   0.84119233497820745     
   1.9888520602831315E-003   1.2109617918051439        1.7043043631459275E-004   0.0000000000000000     
 
 Iterations            1  time   0.84616992996911411     
   1.9824020830161771E-003   1.2059811975000658        1.6271599459742454E-004   0.0000000000000000     
 
 Iterations            1  time   0.85114753112487651     
   1.9761463406937864E-003   1.2011397547851899        1.5627248489212046E-004   0.0000000000000000     
 
 Iterations            1  time   0.85612513822176650     
   1.9701350055696242E-003   1.1964767881307941        1.4965844047768996E-004   0.0000000000000000     
 
 Iterations            1  time   0.86110275110349654     
   1.9644123056463980E-003   1.1920272935816500        1.4319304910452558E-004   0.0000000000000000     
 
 Iterations            1  time   0.86608036954637613     
   1.9590163441841188E-003   1.1878216394296266        1.3637864198744908E-004   0.0000000000000000     
 
 Iterations            1  time   0.87105799332300127     
   1.9539760734708722E-003   1.1838836573530440        1.2929341321956363E-004   0.0000000000000000     
 
 Iterations            1  time   0.87603562212193409     
   1.9493150534343837E-003   1.1802328032887812        1.2158734535707533E-004   0.0000000000000000     
 
 Iterations            1  time   0.88101325563199784     
   1.9450471858907257E-003   1.1768814743996927        1.1367987496749255E-004   0.0000000000000000     
 
 Iterations            1  time   0.88599089322282254     
   1.9411812503727550E-003   1.1738377662001955        1.0344409327527130E-004   0.0000000000000000     
 
 Iterations            1  time   0.89096853469470627     
   1.9377143506011255E-003   1.1711015060048988        9.5511384936473905E-005   0.0000000000000000     
 
 Iterations            1  time   0.89594618173484408     
   1.9346362711427940E-003   1.1686668719065993        1.0436913583059433E-004   0.0000000000000000     
 
 Iterations            1  time   0.90092383356482597     
   1.9319547004701147E-003   1.1665375438509047        1.0127084471344994E-004   0.0000000000000000     
 
 Iterations            1  time   0.90590148912242496     
   1.9296359756159588E-003   1.1646914347757928        8.4919051586131232E-005   0.0000000000000000     
 
 Iterations            1  time   0.91087914706987139     
   1.9276570770729328E-003   1.1631117915679468        6.4727555636459808E-005   0.0000000000000000     
 
 Iterations            1  time   0.91585680938901060     
   1.9259812214764067E-003   1.1617728275451555        7.5025213942080639E-005   0.0000000000000000     
 
 Iterations            1  time   0.92083447580408861     
   1.9246143810978051E-003   1.1606735752025836        7.5397453142292349E-005   0.0000000000000000     
 
 Iterations            1  time   0.92581214364690012     
   1.9235097442540441E-003   1.1597811303135592        4.9748286552863129E-005   0.0000000000000000     
 
 Iterations            1  time   0.93078981468873956     
   1.9226069419947833E-003   1.1590540806187375        6.0773094505235833E-005   0.0000000000000000     
 
 Iterations            1  time   0.93576748918021535     
   1.9219298029889578E-003   1.1585010471522463        5.1310639088097935E-005   0.0000000000000000     
 
 Iterations            1  time   0.94074516615541659     
   1.9214041189710804E-003   1.1580723497409988        4.6814339848832055E-005   0.0000000000000000     
 
 Iterations            1  time   0.94572284552758756     
   1.9210236719606124E-003   1.1577587745813163        3.7743479874827064E-005   0.0000000000000000     
 
 Iterations            1  time   0.95070052677493533     
   1.9207476649924964E-003   1.1575309549284138        3.8748845069846710E-005   0.0000000000000000     
 
 Iterations            1  time   0.95567820938257031     
   1.9205714280712645E-003   1.1573813296448894        2.1698646803164069E-005   0.0000000000000000     
 
 Iterations            1  time   0.96065589332892320     
   1.9204413012794460E-003   1.1572737465051310        3.4311151466570681E-005   0.0000000000000000     
 
 Iterations            1  time   0.96563358029664237     
   1.9203816742040841E-003   1.1572189382911759        2.6097933596375512E-005   0.0000000000000000     
 
 Iterations            1  time   0.97061126758219096     
   1.9203472288270849E-003   1.1571868875348450        8.8813756973584436E-006   0.0000000000000000     
 
 Iterations            1  time   0.97558895557153236     
   1.9203213950923306E-003   1.1571651591424801        2.1959233122420952E-005   0.0000000000000000     
 
 Iterations            1  time   0.98056664586939213     
   1.9203257103714106E-003   1.1571645955391601        2.0577996162671709E-005   0.0000000000000000     
 
 Iterations            1  time   0.98554433727822499     
   1.9203327833313512E-003   1.1571675361997666        8.5963342632171001E-006   0.0000000000000000     
 
 Iterations            1  time   0.99052202891817720     
   1.9203385487477093E-003   1.1571705859510921        1.8368715270575494E-007   0.0000000000000000     
 
 Iterations            1  time   0.99549972049310198     
   1.9203447065246800E-003   1.1571742171511210        1.8661764936689229E-006   0.0000000000000000     
 
 Iterations            1  time    1.0004774119250006     
   1.9203524004506615E-003   1.1571788502255864        1.7629584806959405E-006   0.0000000000000000     
 
 Iterations            1  time    1.0054551033172370     
   1.9203604055597295E-003   1.1571836786889453        5.9669743837869929E-007   0.0000000000000000     
 
 Iterations            1  time    1.0104327947124734     
   1.9203685648989824E-003   1.1571885902975445        9.3570677636907926E-007   0.0000000000000000     
 
 Iterations            1  time    1.0154104861912379     
   1.9203762186636619E-003   1.1571931198137377        1.9153852041813460E-006   0.0000000000000000     
 
 Iterations            1  time    1.0203881778336132     
   1.9203813076504391E-003   1.1571957908999488        1.8018637735490760E-006   0.0000000000000000     
 
 Iterations            1  time    1.0253658693961145     
   1.9203798643729895E-003   1.1571937021556307        3.9335170941328836E-007   0.0000000000000000     
 
 Iterations            1  time    1.0303435602996944     
   1.9203659991937976E-003   1.1571824160031488        3.7303245728894150E-006   0.0000000000000000     
 
 Iterations            1  time    1.0353212496993827     
   1.9203303969819944E-003   1.1571549845488587        1.1049984351588210E-005   0.0000000000000000     
 
 Iterations            1  time    1.0402989365653168     
   1.9202604343468506E-003   1.1571019494399184        2.0257996138034401E-005   0.0000000000000000     
 
 Iterations            1  time    1.0452766235307132     
   1.9201331632958145E-003   1.1570071730268681        1.5341215869582223E-006   0.0000000000000000     
 
 Iterations            1  time    1.0502543090458625     
   1.9199494984080431E-003   1.1568678940266000        8.5641281100627446E-007   0.0000000000000000     
 
 Iterations            1  time    1.0552319912444521     
   1.9196713139954650E-003   1.1566577801722122        1.9215602538941049E-005   0.0000000000000000     
 
 Iterations            1  time    1.0602096731159480     
   1.9192620505146629E-003   1.1563508224038104        1.0407883500980171E-006   0.0000000000000000     
 
 Iterations            1  time    1.0651873515729511     
   1.9187204285755527E-003   1.1559411455044757        9.9455069686742270E-006   0.0000000000000000     
 
 Iterations            1  time    1.0701650288336206     
   1.9179861884578953E-003   1.1553878096238377        9.0949364651944843E-007   0.0000000000000000     
 
 Iterations            1  time    1.0751427021927726     
   1.9170460985857452E-003   1.1546770063894769        1.1402904940328080E-005   0.0000000000000000     
 
 Iterations            1  time    1.0801203742176859     
   1.9158442187668923E-003   1.1537696975375178        4.6266955565070429E-006   0.0000000000000000     
 
 Iterations            1  time    1.0850980419983134     
   1.9143639127258136E-003   1.1526496240058364        7.1109664433047698E-006   0.0000000000000000     
 
 Iterations            1  time    1.0900757074576355     
   1.9125477578579553E-003   1.1512766945726582        2.7801992930475706E-006   0.0000000000000000     
 
 Iterations            1  time    1.0950533698899225     
   1.9103731358053665E-003   1.1496312821310533        7.4015000191107779E-006   0.0000000000000000     
 
 Iterations            1  time    1.1000310275137264     
   1.9078006385207888E-003   1.1476842215769107        5.5079724425289892E-006   0.0000000000000000     
 
 Iterations            1  time    1.1050086817756613     
   1.9047900795845182E-003   1.1454063172633191        4.1441331187851148E-006   0.0000000000000000     
 
 Iterations            1  time    1.1099863328539832     
   1.9013209643593191E-003   1.1427804911510333        1.6083279255067189E-005   0.0000000000000000     
 
 Iterations            1  time    1.1149639796854030     
   1.8973660309062181E-003   1.1397863974135818        1.2563260527452271E-005   0.0000000000000000     
 
 Iterations            1  time    1.1199416215132472     
   1.8929006614241577E-003   1.1364060884491052        5.9728723933413222E-006   0.0000000000000000     
 
 Iterations            1  time    1.1249192577789984     
   1.8879116992026631E-003   1.1326293485237386        3.6348869207343586E-006   0.0000000000000000     
 
 Iterations            1  time    1.1298968893797292     
   1.8823909414710461E-003   1.1284499361452902        1.5337240484679102E-005   0.0000000000000000     
 
 Iterations            1  time    1.1348745165702698     
   1.8763397459122127E-003   1.1238684130563521        2.6305854638571470E-005   0.0000000000000000     
 
 Iterations            1  time    1.1398521389089589     
   1.8697636635667963E-003   1.1188890694116458        2.7932518828974059E-005   0.0000000000000000     
 
 Iterations            1  time    1.1448297559932510     
   1.8626768736268338E-003   1.1135226485948115        2.6794200779131091E-005   0.0000000000000000     
 
 Iterations            1  time    1.1498073675585476     
   1.8551040237773700E-003   1.1077874612702130        2.7903634963383153E-005   0.0000000000000000     
 
 Iterations            1  time    1.1547849733101203     
   1.8470790313482568E-003   1.1017087334096245        3.0129037216014754E-005   0.0000000000000000     
 
 Iterations            1  time    1.1597625730189824     
   1.8386432432919869E-003   1.0953175308161160        3.2800361131070094E-005   0.0000000000000000     
 
 Iterations            1  time    1.1647401663971477     
   1.8298477905472194E-003   1.0886521840548666        3.4984948654032610E-005   0.0000000000000000     
 
 Iterations            1  time    1.1697177531051015     
   1.8207526663515134E-003   1.0817577206805125        3.6440842646346644E-005   0.0000000000000000     
 
 Iterations            1  time    1.1746953328336522     
   1.8114253705185514E-003   1.0746849989776077        3.7944668967420156E-005   0.0000000000000000     
 
 Iterations            1  time    1.1796729051738051     
   1.8019412492668670E-003   1.0674909195771600        3.8796968890255352E-005   0.0000000000000000     
 
 Iterations            1  time    1.1846504709514361     
   1.7923834587341653E-003   1.0602382049458008        4.9144815319832003E-005   0.0000000000000000     
 
 Iterations            1  time    1.1896280306639939     
   1.7828397279929175E-003   1.0529935531512018        6.0922006118722395E-005   0.0000000000000000     
 
 Iterations            1  time    1.1946055838851544     
   1.7734019368155001E-003   1.0458270030056536        6.3468552108572195E-005   0.0000000000000000     
 
 Iterations            1  time    1.1995831302559421     
   1.7641672606864688E-003   1.0388125307178757        6.2520261739597462E-005   0.0000000000000000     
 
 Iterations            1  time    1.2045606691879374     
   1.7552332989923603E-003   1.0320249407987925        6.0492476248557087E-005   0.0000000000000000     
 
 Iterations            1  time    1.2095382001092903     
   1.7466989695019298E-003   1.0255401419876506        5.8616396179793923E-005   0.0000000000000000     
 
 Iterations            1  time    1.2145157222974818     
   1.7386610400067853E-003   1.0194327611392577        5.5783156542568687E-005   0.0000000000000000     
 
 Iterations            1  time    1.2194932374368415     
   1.7312155301109809E-003   1.0137765464655888        7.1030460802685061E-005   0.0000000000000000     
 
 Iterations            1  time    1.2244707461906201     
   1.7244448267139214E-003   1.0086367223489194        8.6414480567378429E-005   0.0000000000000000     
 
 Iterations            1  time    1.2294482478303834     
   1.7184305935662404E-003   1.0040768223825767        8.6243302136939051E-005   0.0000000000000000     
 
 Iterations            1  time    1.2344257415761968     
   1.7132490697904458E-003   1.0001556814359138        7.9171761690338181E-005   0.0000000000000000     
 
 Iterations            1  time    1.2394032266723718     
   1.7089640142375266E-003  0.99692304965088363        7.2881400445634845E-005   0.0000000000000000     
 
 Iterations            1  time    1.2443807030545122     
   1.7056248833188011E-003  0.99441799629228811        7.3286213340406094E-005   0.0000000000000000     
 
 Iterations            1  time    1.2493581735467147     
   1.7032753593214723E-003  0.99267381087137618        9.8122955023669894E-005   0.0000000000000000     
 
 Iterations            1  time    1.2543356375000922     
   1.7019218449210349E-003  0.99169923066909693        1.0620859660904542E-004   0.0000000000000000     
 
 Iterations            1  time    1.2593130942063626     
   1.7015885886824845E-003  0.99151048266200026        9.9490745390142836E-005   0.0000000000000000     
 
 Iterations            1  time    1.2642905429660012     
   1.7022719094949364E-003  0.99210452554993667        9.0991839096864742E-005   0.0000000000000000     
 
 Iterations            1  time    1.2692679832667302     
   1.7039533394770632E-003  0.99346679465167886        8.5876775716050343E-005   0.0000000000000000     
 
 Iterations            1  time    1.2742454164674439     
   1.7066038032134633E-003  0.99557369917166072        9.6106571657071551E-005   0.0000000000000000     
 
 Iterations            1  time    1.2792228442955313     
   1.7101710715514611E-003  0.99838546558676622        1.1540522525135099E-004   0.0000000000000000     
 
 Iterations            1  time    1.2842002663842813     
   1.7145900757084640E-003   1.0018524026730660        1.1945830307386370E-004   0.0000000000000000     
 
 Iterations            1  time    1.2891776824359318     
   1.7198058183648466E-003   1.0059288861343518        1.1427280470598921E-004   0.0000000000000000     
 
 Iterations            1  time    1.2941550922244771     
   1.7257411243839875E-003   1.0105545425324789        1.0918763683296086E-004   0.0000000000000000     
 
 Iterations            1  time    1.2991324956817101     
   1.7323100780820765E-003   1.0156625841396922        1.0687869026341988E-004   0.0000000000000000     
 
 Iterations            1  time    1.3041098929319299     
   1.7394213870271591E-003   1.0211822443029062        1.0688022828849098E-004   0.0000000000000000     
 
 Iterations            1  time    1.3090872841354677     
   1.7469808141207382E-003   1.0270405101687987        1.0737761538233183E-004   0.0000000000000000     
 
 Iterations            1  time    1.3140646695852902     
   1.7548928226267457E-003   1.0331634958363154        1.0826133859398292E-004   0.0000000000000000     
 
 Iterations            1  time    1.3190420497568551     
   1.7630614638712995E-003   1.0394772610902592        1.1030296988124777E-004   0.0000000000000000     
 
 Iterations            1  time    1.3240194259866853     
   1.7713951624505988E-003   1.0459109716603310        1.1864996437551472E-004   0.0000000000000000     
 
 Iterations            1  time    1.3289967984079003     
   1.7797911036388746E-003   1.0523877498041103        1.2134867638547238E-004   0.0000000000000000     
 
 Iterations            1  time    1.3339741671655956     
   1.7881704332716518E-003   1.0588460197426754        1.1900452182326759E-004   0.0000000000000000     
 
 Iterations            1  time    1.3389515324728427     
   1.7964518397650476E-003   1.0652237898541987        1.1614252765923480E-004   0.0000000000000000     
 
 Iterations            1  time    1.3439288958337843     
   1.8045639097716258E-003   1.0714662162610347        1.2285438261374447E-004   0.0000000000000000     
 
 Iterations            1  time    1.3489062578732360     
   1.8124251760697802E-003   1.0775136476756042        1.2861607171214855E-004   0.0000000000000000     
 
 Iterations            1  time    1.3538836190763335     
   1.8199818066201516E-003   1.0833244758487164        1.2977463751277524E-004   0.0000000000000000     
 
 Iterations            1  time    1.3588609796806090     
   1.8271832371638593E-003   1.0888603666185532        1.2725957523434633E-004   0.0000000000000000     
 
 Iterations            1  time    1.3638383395803957     
   1.8339862587613439E-003   1.0940888386240730        1.2139080642951812E-004   0.0000000000000000     
 
 Iterations            1  time    1.3688156983549340     
   1.8403574531125628E-003   1.0989846726051844        1.1224344311606034E-004   0.0000000000000000     
 
 Iterations            1  time    1.3737930550735629     
   1.8462703672434849E-003   1.1035282049211474        9.8555312233440919E-005   0.0000000000000000     
 
 Iterations            1  time    1.3787704104890959     
   1.8517192266754225E-003   1.1077136352430248        9.4280425857841312E-005   0.0000000000000000     
 
 Iterations            1  time    1.3837477691521911     
   1.8567004014235940E-003   1.1115376392493626        1.2215362063583773E-004   0.0000000000000000     
 
 Iterations            1  time    1.3887251292498426     
   1.8611582093147686E-003   1.1149663335124242        1.2359349744884868E-004   0.0000000000000000     
 
 Iterations            1  time    1.3937024876628874     
   1.8651396016772332E-003   1.1180295111427534        9.0398718265374719E-005   0.0000000000000000     
 
 Iterations            1  time    1.3986798484253100     
   1.8687035574304492E-003   1.1207650891717336        9.3856471217126480E-005   0.0000000000000000     
 
 Iterations            1  time    1.4036572126053799     
   1.8718016844779658E-003   1.1231463833144002        1.0978839186027594E-004   0.0000000000000000     
 
 Iterations            1  time    1.4086345747791720     
   1.8744434143531507E-003   1.1251829029229463        7.6879252623288384E-005   0.0000000000000000     
 
 Iterations            1  time    1.4136119424673155     
   1.8767637494941749E-003   1.1269614381739868        9.6471994270758274E-005   0.0000000000000000     
 
 Iterations            1  time    1.4185893111984327     
   1.8786586373907310E-003   1.1284228120126114        8.8317845120740901E-005   0.0000000000000000     
 
 Iterations            1  time    1.4235666827551821     
   1.8802551676729822E-003   1.1296502344181591        8.1342815106115587E-005   0.0000000000000000     
 
 Iterations            1  time    1.4285440567444045     
   1.8815517087786950E-003   1.1306477470396412        7.5466005262260705E-005   0.0000000000000000     
 
 Iterations            1  time    1.4335214337345403     
   1.8825930721293527E-003   1.1314483454023045        7.3134131220506176E-005   0.0000000000000000     
 
 Iterations            1  time    1.4384988116588522     
   1.8833990206875890E-003   1.1320694747482607        5.6736144194516184E-005   0.0000000000000000     
 
 Iterations            1  time    1.4434761936982907     
   1.8840444112493012E-003   1.1325623547370054        7.0368028583316637E-005   0.0000000000000000     
 
 Iterations            1  time    1.4484535752647940     
   1.8844813791351217E-003   1.1329024403448409        3.9208012794118339E-005   0.0000000000000000     
 
 Iterations            1  time    1.4534309599139243     
   1.8848533893814782E-003   1.1331827393411331        5.4657215367738971E-005   0.0000000000000000     
 
 Iterations            1  time    1.4584083497042351     
   1.8850817849691375E-003   1.1333587723071277        6.0757181831472996E-005   0.0000000000000000     
 
 Iterations            1  time    1.4633857393667264     
   1.8852214597691516E-003   1.1334683391072193        2.7802255105417123E-005   0.0000000000000000     
 
 Iterations            1  time    1.4683631308233325     
   1.8853434264246851E-003   1.1335581871272631        2.1672389502793956E-005   0.0000000000000000     
 
 Iterations            1  time    1.4733405241014546     
   1.8854200754005372E-003   1.1336138969628473        4.2977378362599910E-005   0.0000000000000000     
 
 Iterations            1  time    1.4783179215412148     
   1.8854437502832104E-003   1.1336329601791391        3.9892524668333278E-005   0.0000000000000000     
 
 Iterations            1  time    1.4832953205788815     
   1.8854573973450500E-003   1.1336434726038822        1.8764236787643826E-005   0.0000000000000000     
 
 Iterations            1  time    1.4882727192188794     
   1.8854717964017836E-003   1.1336531055922319        4.1644579561275412E-008   0.0000000000000000     
 
 Iterations            1  time    1.4932501172113177     
   1.8854864958732884E-003   1.1336623049816337        7.8909628910531789E-006   0.0000000000000000     
 
 Iterations            1  time    1.4982275145445880     
   1.8854984523730791E-003   1.1336696056044735        8.3921665754827947E-006   0.0000000000000000     
 
 Iterations            1  time    1.5032049114983979     
   1.8855086284920559E-003   1.1336757748031374        5.3351341324808035E-006   0.0000000000000000     
 
 Iterations            1  time    1.5081823084634003     
   1.8855179742810373E-003   1.1336814335017897        4.1706884765341934E-007   0.0000000000000000     
 
 Iterations            1  time    1.5131597055059145     
   1.8855261249546027E-003   1.1336863743852037        4.5193674471038967E-006   0.0000000000000000     
 
 Iterations            1  time    1.5181371030595430     
   1.8855340252006247E-003   1.1336912858414805        8.0982958345826536E-006   0.0000000000000000     
 
 Iterations            1  time    1.5231145013927803     
   1.8855435313057580E-003   1.1336976181270635        9.5781783275198248E-006   0.0000000000000000     
 
 Iterations            1  time    1.5280919004250473     
   1.8855576282374280E-003   1.1337078136481060        7.5045043131655871E-006   0.0000000000000000     
 
 Iterations            1  time    1.5330692985507985     
   1.8855815846683039E-003   1.1337261178297660        4.7969121381759827E-007   0.0000000000000000     
 
 Iterations            1  time    1.5380466939638036     
   1.8856238439233165E-003   1.1337591816338703        1.3081064382121249E-005   0.0000000000000000     
 
 Iterations            1  time    1.5430240840162344     
   1.8856960356485833E-003   1.1338161375194964        3.4457134223304067E-005   0.0000000000000000     
 
 Iterations            1  time    1.5480014743512454     
   1.8858389750412180E-003   1.1339246795167774        8.0431122808953754E-006   0.0000000000000000     
 
 Iterations            1  time    1.5529788644621227     
   1.8860206330934015E-003   1.1340680402913865        1.8066766138119017E-005   0.0000000000000000     
 
 Iterations            1  time    1.5579562497815569     
   1.8862687851605598E-003   1.1342670785197089        1.1734574729462306E-006   0.0000000000000000     
 
 Iterations            1  time    1.5629336325582412     
   1.8866520419576602E-003   1.1345682172619940        6.4522765373831070E-006   0.0000000000000000     
 
 Iterations            1  time    1.5679110150344555     
   1.8871755190543072E-003   1.1349790497840726        1.6235810259336124E-005   0.0000000000000000     
 
 Iterations            1  time    1.5728883899079835     
   1.8878355729923979E-003   1.1355022663863965        9.1385360023530160E-006   0.0000000000000000     
 
 Iterations            1  time    1.5778657670322633     
   1.8887409682808382E-003   1.1362101425873528        2.6784850332030612E-005   0.0000000000000000     
 
 Iterations            1  time    1.5828431382185031     
   1.8898355027299719E-003   1.1370731321279230        1.8948044940373135E-005   0.0000000000000000     
 
 Iterations            1  time    1.5878205102790801     
   1.8912287358939734E-003   1.1381641097059301        4.0455133065279191E-005   0.0000000000000000     
 
 Iterations            1  time    1.5927978757773955     
   1.8928964522324035E-003   1.1394731009802908        2.1488026304688545E-005   0.0000000000000000     
 
 Iterations            1  time    1.5977752433777832     
   1.8949331130887254E-003   1.1410629341620810        5.3908728197605852E-005   0.0000000000000000     
 
 Iterations            1  time    1.6027526061793897     
   1.8973045916214929E-003   1.1429168023026632        4.9156444736214484E-005   0.0000000000000000     
 
 Iterations            1  time    1.6077299686581681     
   1.9000888513412298E-003   1.1450860609858993        6.0947536650246069E-005   0.0000000000000000     
 
 Iterations            1  time    1.6127073307786020     
   1.9032870423972416E-003   1.1475741185929813        7.8912775278382392E-005   0.0000000000000000     
 
 Iterations            1  time    1.6176846884669982     
   1.9069113797182545E-003   1.1503901688927893        6.4045440466300126E-005   0.0000000000000000     
 
 Iterations            1  time    1.6226620466554766     
   1.9110034083432911E-003   1.1535601720809368        8.1570064161608433E-005   0.0000000000000000     
 
 Iterations            1  time    1.6276394059188168     
   1.9155462644867591E-003   1.1570733607582024        1.0936062870834612E-004   0.0000000000000000     
 
 Iterations            1  time    1.6326167641911760     
   1.9205368883555406E-003   1.1609260979763312        1.1087472203755940E-004   0.0000000000000000     
 
 Iterations            1  time    1.6375941201993858     
   1.9259779639452612E-003   1.1651169081755137        9.7978522624465368E-005   0.0000000000000000     
 
 Iterations            1  time    1.6425714765428703     
   1.9318586680084333E-003   1.1696348159470522        1.1015172123095042E-004   0.0000000000000000     
 
 Iterations            1  time    1.6475488357033705     
   1.9381470906729224E-003   1.1744550060668855        1.4295808290866818E-004   0.0000000000000000     
 
 Iterations            1  time    1.6525261969454470     
   1.9448044910020258E-003   1.1795473204799374        1.5872505211279864E-004   0.0000000000000000     
 
 Iterations            1  time    1.6575035600245631     
   1.9517970258930671E-003   1.1848833648577159        1.5916636743408877E-004   0.0000000000000000     
 
 Iterations            1  time    1.6624809249655292     
   1.9590804395824483E-003   1.1904277090066857        1.5875326936499572E-004   0.0000000000000000     
 
 Iterations            1  time    1.6674582920855494     
   1.9665992591660487E-003   1.1961373593227700        1.6385873285791134E-004   0.0000000000000000     
 
 Iterations            1  time    1.6724356617677665     
   1.9742922485322984E-003   1.2019652655479816        1.7254885282977174E-004   0.0000000000000000     
 
 Iterations            1  time    1.6774130344304987     
   1.9820941738355156E-003   1.2078615303197571        1.8172087401998585E-004   0.0000000000000000     
 
 Iterations            1  time    1.6823904106904659     
   1.9899357218482491E-003   1.2137735939848726        1.9127509522246712E-004   0.0000000000000000     
 
 Iterations            1  time    1.6873677909696145     
   1.9977440461834443E-003   1.2196466862659907        1.9959400982658463E-004   0.0000000000000000     
 
 Iterations            1  time    1.6923451757479093     
   2.0054447846345890E-003   1.2254252276055377        2.0700289095256221E-004   0.0000000000000000     
 
 Iterations            1  time    1.6973225654384885     
   2.0129630779952804E-003   1.2310535948677901        2.1366011228739662E-004   0.0000000000000000     
 
 Iterations            1  time    1.7022999603248965     
   2.0202234221830639E-003   1.2364761792917056        2.1896785973368006E-004   0.0000000000000000     
 
 Iterations            1  time    1.7072773605763467     
   2.0271528343083125E-003   1.2416394103629793        2.2262369973479978E-004   0.0000000000000000     
 
 Iterations            1  time    1.7122547662133005     
   2.0336801837587482E-003   1.2464914672811118        2.2444041641601225E-004   0.0000000000000000     
 
 Iterations            1  time    1.7172321771565244     
   2.0397391031157829E-003   1.2509840900358162        2.2468652441869313E-004   0.0000000000000000     
 
 Iterations            1  time    1.7222095932415491     
   2.0452669503830141E-003   1.2550720842031295        2.2370747869755378E-004   0.0000000000000000     
 
 Iterations            1  time    1.7271870141802881     
   2.0502073350794625E-003   1.2587148764061651        2.2136189862512076E-004   0.0000000000000000     
 
 Iterations            1  time    1.7321644431362910     
   2.0545052381481976E-003   1.2618734616080958        2.4143204555915354E-004   0.0000000000000000     
 
 Iterations            1  time    1.7371418800595617     
   2.0581308746816470E-003   1.2645254624015503        2.5491243188884721E-004   0.0000000000000000     
 
 Iterations            1  time    1.7421193245069888     
   2.0610404671855911E-003   1.2666404311390143        2.5197325628694317E-004   0.0000000000000000     
 
 Iterations            1  time    1.7470967759247196     
   2.0632061883265719E-003   1.2681987745619454        2.4190704833745614E-004   0.0000000000000000     
 
 Iterations            1  time    1.7520742337249995     
   2.0646117345841726E-003   1.2691888393414767        2.3222192638158167E-004   0.0000000000000000     
 
 Iterations            1  time    1.7570516971897456     
   2.0652481665440307E-003   1.2696044383035201        2.2340842901283996E-004   0.0000000000000000     
 
 Iterations            1  time    1.7620291693123493     
   2.0651079939306345E-003   1.2694411058259301        2.4022258695765051E-004   0.0000000000000000     
 
 Iterations            1  time    1.7670066501226436     
   2.0642206694276195E-003   1.2687179289194355        2.5235463586804148E-004   0.0000000000000000     
 
 Iterations            1  time    1.7719841387669886     
   2.0625913564033906E-003   1.2674400408350017        2.4515425828568806E-004   0.0000000000000000     
 
 Iterations            1  time    1.7769616344555956     
   2.0602419505611641E-003   1.2656237143084381        2.2995994181249001E-004   0.0000000000000000     
 
 Iterations            1  time    1.7819391365163415     
   2.0572097241940072E-003   1.2632954846816606        2.1697698018045161E-004   0.0000000000000000     
 
 Iterations            1  time    1.7869166458597028     
   2.0535336896691358E-003   1.2604838810187891        2.1818356765941158E-004   0.0000000000000000     
 
 Iterations            1  time    1.7918941640436212     
   2.0492687908574636E-003   1.2572279165453493        2.3148186910153807E-004   0.0000000000000000     
 
 Iterations            1  time    1.7968716903709878     
   2.0444786058593637E-003   1.2535726637161630        2.3072322963817713E-004   0.0000000000000000     
 
 Iterations            1  time    1.8018492240989887     
   2.0392105703237531E-003   1.2495542282792103        2.1747716972388351E-004   0.0000000000000000     
 
 Iterations            1  time    1.8068267646669112     
   2.0335291777116068E-003   1.2452197942748413        2.0383584092512286E-004   0.0000000000000000     
 
 Iterations            1  time    1.8118043115295190     
   2.0275066462270299E-003   1.2406218276361767        1.9338595840427171E-004   0.0000000000000000     
 
 Iterations            1  time    1.8167818649287453     
   2.0212124081651528E-003   1.2358116983156295        1.9006543397007066E-004   0.0000000000000000     
 
 Iterations            1  time    1.8217594264181376     
   2.0147181314564759E-003   1.2308425469527253        1.9942751356451509E-004   0.0000000000000000     
 
 Iterations            1  time    1.8267369954730130     
   2.0081088726846791E-003   1.2257759184368657        1.9825236211581387E-004   0.0000000000000000     
 
 Iterations            1  time    1.8317145716323233     
   2.0014421064588092E-003   1.2206569537964316        1.8731033278514657E-004   0.0000000000000000     
 
 Iterations            1  time    1.8366921545477237     
   1.9947866226357968E-003   1.2155376292945539        1.7614303487279830E-004   0.0000000000000000     
 
 Iterations            1  time    1.8416697438990606     
   1.9882110546348879E-003   1.2104697088958571        1.6757667967859374E-004   0.0000000000000000     
 
 Iterations            1  time    1.8466473395069620     
   1.9817777005275124E-003   1.2055008561072240        1.6119033410978893E-004   0.0000000000000000     
 
 Iterations            1  time    1.8516249411718548     
   1.9755435038131615E-003   1.2006750073578059        1.5507605694858425E-004   0.0000000000000000     
 
 Iterations            1  time    1.8566025487540532     
   1.9695581290911984E-003   1.1960311430066612        1.4893892582711014E-004   0.0000000000000000     
 
 Iterations            1  time    1.8615801620842369     
   1.9638655073497108E-003   1.1916039862674028        1.4254915184365354E-004   0.0000000000000000     
 
 Iterations            1  time    1.8665577810406468     
   1.9585021442612080E-003   1.1874228391617612        1.3638682970525177E-004   0.0000000000000000     
 
 Iterations            1  time    1.8715354054510223     
   1.9534978958379678E-003   1.1835119913015286        1.3006125863161886E-004   0.0000000000000000     
 
 Iterations            1  time    1.8765130349772945     
   1.9488742870028145E-003   1.1798895356661121        1.2231620117335141E-004   0.0000000000000000     
 
 Iterations            1  time    1.8814906692947051     
   1.9446447191534548E-003   1.1765674691087320        1.1406878008718367E-004   0.0000000000000000     
 
 Iterations            1  time    1.8864683078934485     
   1.9408169658268904E-003   1.1735531582232914        1.0464554992218593E-004   0.0000000000000000     
 
 Iterations            1  time    1.8914459501115286     
   1.9373900483507466E-003   1.1708474410425316        9.3607318143027480E-005   0.0000000000000000     
 
 Iterations            1  time    1.8964235971662526     
   1.9343501041885901E-003   1.1684422223671778        9.6984090021608500E-005   0.0000000000000000     
 
 Iterations            1  time    1.9014012492347867     
   1.9316992653040899E-003   1.1663377401666353        9.9800622237521247E-005   0.0000000000000000     
 
 Iterations            1  time    1.9063789053969888     
   1.9294156519286708E-003   1.1645188351812021        8.9027777372417536E-005   0.0000000000000000     
 
 Iterations            1  time    1.9113565642648638     
   1.9274703685824989E-003   1.1629651736895568        6.9019831865983159E-005   0.0000000000000000     
 
 Iterations            1  time    1.9163342269102277     
   1.9258280614176261E-003   1.1616517417882972        6.8384128125423277E-005   0.0000000000000000     
 
 Iterations            1  time    1.9213118934769329     
   1.9244798531375127E-003   1.1605686718011672        7.3682785669037374E-005   0.0000000000000000     
 
 Iterations            1  time    1.9262895621198004     
   1.9233993103015261E-003   1.1596951415333148        5.4256306341162530E-005   0.0000000000000000     
 
 Iterations            1  time    1.9312672339191006     
   1.9225224465060857E-003   1.1589875976079747        5.7542675952198483E-005   0.0000000000000000     
 
 Iterations            1  time    1.9362449089476210     
   1.9218571244340769E-003   1.1584451160845428        5.1349737522825546E-005   0.0000000000000000     
 
 Iterations            1  time    1.9412225864321713     
   1.9213495120049733E-003   1.1580301542387885        4.3876206903826461E-005   0.0000000000000000     
 
 Iterations            1  time    1.9462002660859530     
   1.9209772739809149E-003   1.1577239513819615        3.9065600324960871E-005   0.0000000000000000     
 
 Iterations            1  time    1.9511779477390878     
   1.9207140396259477E-003   1.1575057337667090        3.7373681321657725E-005   0.0000000000000000     
 
 Iterations            1  time    1.9561556308449002     
   1.9205421902228500E-003   1.1573603009397069        2.3620335106545229E-005   0.0000000000000000     
 
 Iterations            1  time    1.9611333152666912     
   1.9204202969874302E-003   1.1572588038995875        3.3105406858677075E-005   0.0000000000000000     
 
 Iterations            1  time    1.9661110022946995     
   1.9203635349011121E-003   1.1572065734385903        2.2885603235183399E-005   0.0000000000000000     
 
 Iterations            1  time    1.9710886899199354     
   1.9203292617469203E-003   1.1571752254553891        1.0797036994094891E-005   0.0000000000000000     
 
 Iterations            1  time    1.9760663782299370     
   1.9203077188839218E-003   1.1571564327676360        2.2006946866755961E-005   0.0000000000000000     
 
 Iterations            1  time    1.9810440686697968     
   1.9203122298897450E-003   1.1571562200108811        1.9454081796094106E-005   0.0000000000000000     
 
 Iterations            1  time    1.9860217601802088     
   1.9203194673395375E-003   1.1571593761213224        7.3962088123864865E-006   0.0000000000000000     
 
 Iterations            1  time    1.9909994518435108     
   1.9203250508126983E-003   1.1571623703289096        7.2361191520414607E-008   0.0000000000000000     
 
 Iterations            1  time    1.9959771433923514     
   1.9203315744186140E-003   1.1571662342546407        2.1285414066350287E-006   0.0000000000000000     
 
 Iterations            1  time    2.0009548348286228     
   1.9203391099994614E-003   1.1571707765943831        1.5958337411527462E-006   0.0000000000000000     
 
